0.030487
0.037699
0.040615
0.045589
0.054330
0.054176
0.047906
0.042204
0.035534
0.028279
0.027368
0.027441
0.027912
0.031259
0.029499
0.029416
0.029366
0.029550
0.029247
0.021093
0.014166
0.006523
-0.002699
-0.011283
-0.017569
-0.021833
-0.026051
-0.027104
-0.030175
-0.033809
-0.033238
-0.033538
-0.033441
-0.029033
-0.026370
-0.027950
-0.030307
-0.031880
-0.030733
-0.026898
-0.023463
-0.023084
-0.024888
-0.028162
-0.029804
-0.028305
-0.023139
-0.015181
-0.007415
-0.001898
0.005245
0.013549
0.018128
0.027012
0.034434
0.034718
0.030663
0.018286
-0.000046
-0.022781
-0.047488
-0.069428
-0.084794
-0.096168
-0.105977
-0.106662
-0.096001
-0.076452
-0.050366
-0.021552
0.007204
0.035141
0.054163
0.064335
0.068679
0.063686
0.050847
0.033328
0.019623
0.015977
0.019134
0.017240
0.011340
0.003192
-0.005838
-0.000167
0.019064
0.035737
0.046276
0.047580
0.039141
0.029106
0.019772
0.012827
0.010684
0.019231
0.029001
0.034637
0.035603
0.030056
0.030049
0.030291
0.029350
0.029929
0.029386
0.026177
0.018548
0.010158
0.004412
-0.001085
-0.007972
-0.011089
-0.012445
-0.019419
-0.030829
-0.038033
-0.041550
-0.042490
-0.037724
-0.029125
-0.022780
-0.019579
-0.016508
-0.011216
-0.003351
-0.003372
-0.008090
-0.013847
-0.025347
-0.035090
-0.038815
-0.036727
-0.032946
-0.030913
-0.027573
-0.022592
-0.013143
-0.000915
0.010577
0.017993
0.019702
0.021304
0.024611
0.028690
0.028977
0.026263
0.024233
0.026075
0.027083
0.024318
0.019136
0.014407
0.012224
0.012364
0.015170
0.017109
0.019156
0.016503
0.014417
0.008939
0.006038
-0.002803
-0.009319
-0.000290
-0.006931
-0.004599
0.002351
0.002966
0.001662
-0.007985
-0.012711
-0.013584
-0.011381
-0.009558
-0.006781
-0.002964
0.000405
0.002898
0.004149
0.007704
0.008151
0.004277
0.000379
-0.002973
-0.006797
-0.011013
-0.016763
-0.021409
-0.024856
-0.028600
-0.028401
-0.024770
-0.018408
-0.012513
-0.010943
-0.004938
-0.002174
-0.008453
-0.011380
-0.008299
-0.009685
-0.011708
-0.004175
-0.006156
-0.009283
-0.005820
0.007018
0.021988
0.029248
0.036989
0.032718
0.027025
0.029910
0.038059
0.046236
0.044607
0.038865
0.028326
0.009096
-0.012199
-0.033402
-0.047575
-0.056739
-0.072254
-0.080832
-0.079648
-0.072790
-0.050691
-0.027154
-0.017474
-0.015907
-0.010362
-0.003193
0.001117
0.006761
0.011378
0.017763
0.025544
0.033234
0.038663
0.040321
0.041246
0.039558
0.035933
0.032517
0.027930
0.020072
0.011242
0.004628
-0.000116
-0.001592
0.003044
0.007423
0.003971
-0.005133
-0.012889
-0.016421
-0.017016
-0.014162
-0.011550
-0.010251
-0.005890
-0.002050
0.002595
0.007314
0.007099
0.006412
0.004413
0.003017
-0.002011
-0.004387
-0.002910
-0.003254
-0.002974
-0.008639
-0.005353
0.001124
0.002764
0.007976
0.016701
0.023189
0.026602
0.026247
0.020382
0.015763
0.011231
0.010739
0.009195
0.005688
0.003496
-0.001140
-0.006664
-0.011389
-0.009297
-0.012721
-0.020773
-0.029481
-0.032074
-0.019078
-0.017552
-0.018469
-0.017580
-0.018127
-0.018237
-0.018971
-0.013026
-0.010279
-0.009206
-0.006000
-0.002658
-0.003506
-0.007753
-0.008457
-0.010839
-0.014299
-0.012313
-0.015228
-0.018871
-0.018667
-0.014952
-0.008086
0.000477
0.009802
0.016718
0.021556
0.020427
0.020804
0.023739
0.023732
0.024657
0.029186
0.031690
0.030723
0.030596
0.029934
0.030573
0.032549
0.031386
0.029971
0.034613
0.044276
0.049909
0.049525
0.046196
0.044906
0.042169
0.027805
0.009070
-0.006649
-0.012273
-0.005774
0.007793
0.031429
0.060053
0.092506
0.123971
0.140431
0.152833
0.164702
0.163334
0.197447
0.253697
0.312107
0.346682
0.424541
0.101252
-0.662046
-0.997737
-0.962554
-0.997573
-0.885253
-0.216048
0.474908
0.667212
0.476408
0.118408
-0.114562
-0.164142
-0.139782
-0.135891
-0.074483
0.096082
0.309004
0.458337
0.518695
0.534851
0.479485
0.331574
0.144266
-0.043864
-0.184180
-0.229567
-0.167151
-0.018791
0.139271
0.259744
0.309047
0.286797
0.283390
0.287117
0.231492
0.135397
0.016239
-0.113364
-0.235346
-0.349618
-0.444032
-0.481769
-0.434971
-0.311450
-0.151439
-0.000746
0.115385
0.168922
0.153496
0.103284
0.052060
0.026226
0.030145
0.053467
0.081069
0.106230
0.119218
0.113827
0.098922
0.071466
0.038144
0.011462
0.003482
0.005310
-0.002049
-0.017507
-0.041714
-0.067367
-0.087092
-0.097037
-0.088890
-0.071647
-0.054059
-0.038435
-0.026450
-0.012880
-0.002009
-0.002685
-0.005692
-0.003269
-0.001705
-0.004374
-0.019154
-0.039433
-0.048393
-0.051402
-0.049200
-0.045096
-0.041634
-0.030750
-0.027189
-0.031088
-0.031257
-0.029395
-0.022249
-0.011905
0.002934
0.021453
0.034972
0.035765
0.026591
0.025030
0.031026
0.034793
0.038232
0.041370
0.047919
0.057527
0.062486
0.060652
0.053997
0.046490
0.045165
0.049498
0.049240
0.048696
0.041583
0.020438
0.016872
0.017011
0.015139
0.016064
0.006826
0.016050
0.016936
0.010039
0.017285
0.020241
0.021227
0.013779
-0.002002
-0.017688
-0.028282
-0.032951
-0.035995
-0.036043
-0.030418
-0.030527
-0.030731
-0.025719
-0.028004
-0.031058
-0.033261
-0.032617
-0.022911
-0.011380
-0.010294
-0.016955
-0.013808
0.001064
0.014272
0.017147
0.010861
0.006379
0.006321
-0.003404
-0.020113
-0.030398
-0.033800
-0.031153
-0.023437
-0.015567
-0.008071
0.002678
0.010982
0.015261
0.018834
0.018714
0.014479
0.010481
0.008934
0.009290
0.012968
0.013959
0.006635
-0.005539
-0.010291
-0.006032
-0.003978
-0.005264
-0.006840
-0.004145
0.001022
0.004198
0.007638
0.013044
0.012829
0.004550
-0.002493
-0.006209
-0.012162
-0.021841
-0.028990
-0.030365
-0.025306
-0.014875
-0.004543
0.003173
0.010193
0.016247
0.020085
0.017736
0.008059
-0.003389
-0.016890
-0.029812
-0.035796
-0.039271
-0.038159
-0.028464
-0.018914
-0.010467
0.000629
0.013639
0.024249
0.026572
0.024080
0.025890
0.029181
0.025582
0.017324
0.008357
0.001150
-0.002249
-0.006780
-0.009628
-0.009783
-0.011325
-0.009614
-0.009179
-0.008206
-0.010484
-0.018039
-0.030368
-0.040010
-0.051142
-0.070407
-0.037434
-0.012990
-0.053335
-0.054804
-0.025759
-0.016783
-0.008857
0.002541
0.013614
0.021477
0.020090
0.010965
0.000656
-0.007330
-0.010665
-0.009442
-0.001988
0.003562
0.005040
0.006675
0.008970
0.016784
0.027535
0.036213
0.034314
0.020889
0.001916
-0.021545
-0.049420
-0.095960
-0.154097
-0.196018
-0.208085
-0.163380
-0.071870
0.091066
0.390700
0.685053
0.769526
0.575715
0.159536
-0.236895
-0.439691
-0.480739
-0.391423
-0.225904
-0.080744
0.024185
0.110926
0.164022
0.159376
0.102267
0.015219
-0.072757
-0.140544
-0.175931
-0.171448
-0.131534
-0.067584
0.002448
0.062451
0.105922
0.125244
0.118633
0.092207
0.054736
0.019240
-0.008311
-0.024578
-0.030252
-0.031555
-0.032088
-0.029597
-0.020519
-0.008603
0.000636
0.010146
0.016678
0.015570
0.011705
0.006599
0.006637
0.012025
0.014459
0.014903
0.014322
0.007172
-0.000434
0.001165
0.005269
0.000413
-0.006102
0.000464
0.000172
-0.005099
0.000064
0.002263
0.002737
-0.001399
-0.012394
-0.023237
-0.027388
-0.030592
-0.034643
-0.034180
-0.031609
-0.023429
-0.017739
-0.003947
0.018874
0.029526
0.035618
0.040415
0.038909
0.035811
0.035081
0.031533
0.022269
0.011451
0.009025
0.013070
0.013495
0.012987
0.012595
0.016079
0.023901
0.032773
0.040168
0.041013
0.035527
0.028598
0.024889
0.020235
0.012872
0.002056
-0.010762
-0.018493
-0.024778
-0.033406
-0.040468
-0.040988
-0.038367
-0.034991
-0.030862
-0.029203
-0.030911
-0.037196
-0.044456
-0.053971
-0.061926
-0.063924
-0.063718
-0.061613
-0.062095
-0.059202
-0.047416
-0.034436
-0.024051
-0.013365
-0.000413
0.012415
0.022922
0.031382
0.039485
0.048120
0.053302
0.058544
0.066758
0.069355
0.067545
0.063481
0.053523
0.037870
0.019502
0.000987
-0.016553
-0.028206
-0.034358
-0.039774
-0.045670
-0.046258
-0.038294
-0.027714
-0.014001
-0.003010
0.000317
0.003522
0.009139
0.014279
0.018626
0.026553
0.032439
0.025932
0.017016
0.011466
0.002818
-0.005590
-0.010272
-0.008090
-0.010136
-0.016711
-0.015652
-0.012456
-0.002303
0.006535
0.010099
0.015002
0.013788
0.010404
0.001804
-0.011035
-0.019005
-0.019736
-0.011833
-0.003871
0.000817
0.008067
0.018100
0.023032
0.022917
0.021888
0.016436
0.010028
0.005814
0.000667
-0.010037
-0.026672
-0.042699
-0.050866
-0.051896
-0.050029
-0.043496
-0.034328
-0.031303
-0.035460
-0.036317
-0.028136
-0.020717
-0.015432
-0.006906
-0.004171
-0.011200
-0.015916
-0.010918
-0.000783
0.009211
0.009221
0.005822
0.003242
0.003910
0.003217
0.001133
0.003105
-0.000813
0.004413
0.009850
0.011859
0.022834
0.031124
0.034103
0.036821
0.041948
0.042123
0.038633
0.040049
0.034922
0.030395
0.028844
0.022912
0.026019
0.031079
0.027498
0.020433
0.018014
0.016148
0.013805
0.010070
0.004040
0.000784
-0.013898
-0.026130
-0.024434
-0.024897
-0.026664
-0.029480
-0.032037
-0.029542
-0.024046
-0.020638
-0.019614
-0.019731
-0.019387
-0.017967
-0.016870
-0.012693
-0.002079
0.007811
0.004882
-0.000443
0.001112
0.006633
0.001026
-0.013366
-0.017565
-0.015238
-0.007645
-0.007542
-0.006210
0.001541
0.002511
0.004826
0.007631
0.012852
0.014270
0.000412
-0.017172
-0.022436
-0.017442
-0.015877
-0.011794
-0.006716
-0.003026
0.006471
0.010525
0.008353
0.010377
0.011161
0.011249
0.011882
0.008900
0.011696
0.007370
-0.004296
-0.011311
-0.011207
-0.002571
-0.000116
-0.004570
-0.008673
-0.005546
0.004811
0.011806
0.014079
0.012719
0.012632
0.012284
0.012637
0.015386
0.014984
0.018861
0.012146
-0.001220
0.001466
0.002353
0.003522
0.007211
0.001141
-0.008138
-0.015075
-0.016325
-0.014127
-0.013707
-0.013043
-0.006430
-0.000238
0.002457
-0.001592
-0.001561
0.007862
0.011829
0.008222
0.006953
0.011833
0.009712
0.008537
0.013228
0.015180
0.010263
0.003520
0.004159
0.008786
0.015236
0.016048
0.012915
0.010164
0.006784
-0.001627
-0.014424
-0.022113
-0.027725
-0.025745
-0.022475
-0.020885
-0.016058
-0.009930
-0.001778
0.000722
0.004825
0.003969
0.000293
-0.008787
-0.027689
-0.029025
-0.025687
-0.027295
-0.027183
-0.023480
-0.016275
-0.009514
-0.005039
-0.001473
0.006566
0.014445
0.017021
0.015755
0.011559
0.000490
-0.009211
-0.015883
-0.018339
-0.014878
-0.014159
-0.016793
-0.022825
-0.021533
-0.013413
-0.005516
0.005316
0.013085
0.013596
0.011008
0.014716
0.020368
0.025085
0.031554
0.032340
0.024326
0.016541
0.008679
-0.005606
-0.013753
-0.021223
-0.033020
-0.045804
-0.062029
-0.079572
-0.089571
-0.090526
-0.095976
-0.087502
-0.066340
-0.042095
0.001515
0.061099
0.127962
0.208362
0.304107
0.387462
0.427700
0.454734
0.475829
0.507308
0.603903
0.636132
0.436762
-0.288936
-0.947991
-0.997548
-0.962462
-0.998274
-0.879614
-0.324518
0.169000
0.329870
0.390149
0.414454
0.501099
0.525768
0.412042
0.239067
0.164780
0.242969
0.396619
0.488955
0.429946
0.282917
0.131547
-0.067271
-0.285854
-0.402386
-0.391063
-0.327626
-0.245325
-0.106951
0.098085
0.311344
0.460410
0.497895
0.419145
0.282748
0.128188
-0.018367
-0.131794
-0.239050
-0.342189
-0.405760
-0.410550
-0.351975
-0.242013
-0.086676
0.078017
0.190863
0.247353
0.260313
0.227908
0.169807
0.108122
0.045804
-0.010431
-0.041776
-0.052162
-0.063175
-0.073836
-0.082694
-0.094400
-0.091652
-0.076062
-0.070044
-0.059957
-0.047817
-0.050396
-0.050731
-0.043626
-0.040815
-0.043675
-0.042866
-0.042186
-0.039613
-0.024330
-0.001347
0.019852
0.023877
0.021074
0.022011
0.007365
0.002234
-0.015204
-0.017278
-0.015973
-0.022774
0.008609
-0.019498
-0.025353
-0.003983
-0.013109
0.007037
0.033910
0.056765
0.073719
0.078514
0.059084
0.034020
0.016738
-0.003978
-0.021079
-0.029466
-0.040233
-0.051960
-0.052598
-0.039086
-0.027624
-0.021182
-0.010089
0.006655
0.030371
0.046617
0.055227
0.071070
0.081662
0.078959
0.068893
0.049025
0.028155
0.025812
0.033336
0.021302
0.002501
0.001602
0.012788
0.021198
0.020762
0.013511
0.009820
0.011870
0.004659
-0.005149
-0.009640
-0.009531
0.000164
0.011285
0.008162
-0.005863
-0.007778
0.007835
0.017352
0.013973
0.016365
0.018876
0.013862
0.004902
0.008714
0.012632
0.004028
0.004362
0.007349
0.006135
0.000234
0.006838
0.013463
0.011360
0.011525
0.001177
-0.012362
-0.010477
-0.000562
-0.002061
-0.010682
-0.016169
-0.015746
-0.012636
-0.008384
0.001312
0.004862
0.000805
0.001818
-0.004595
-0.019531
-0.028524
-0.034811
-0.044260
-0.047516
-0.038615
-0.028871
-0.020494
-0.008314
0.002515
0.008503
0.012126
0.010414
0.012984
0.021397
0.016862
0.002832
-0.007456
-0.012984
-0.016966
-0.019243
-0.021476
-0.021324
-0.011997
0.001613
0.009959
0.010414
0.004906
0.006919
0.016856
0.016938
0.005565
-0.012150
-0.026509
-0.022031
-0.020459
-0.029991
-0.023113
-0.022180
-0.027047
-0.019897
-0.018174
-0.018264
-0.013581
-0.009381
-0.020222
-0.031041
-0.021697
-0.021176
-0.024862
-0.021266
-0.022406
-0.019997
-0.019055
-0.021367
-0.016705
-0.009944
-0.003687
0.000632
-0.003827
-0.002156
0.008384
0.015816
0.024530
0.026196
0.017178
0.010686
0.008845
0.007859
0.007945
0.003827
-0.003383
0.002059
0.008352
0.002048
0.001011
0.001687
0.000723
0.001374
-0.002537
-0.007018
-0.011162
-0.018162
-0.027254
-0.036163
-0.038271
-0.035563
-0.035560
-0.042969
-0.057955
-0.075403
-0.104479
-0.163642
-0.240886
-0.347607
-0.400467
-0.277733
-0.071918
0.101027
0.458114
0.859034
0.979004
0.946423
0.607835
0.102340
-0.252048
-0.432691
-0.410432
-0.320451
-0.261404
-0.218196
-0.171486
-0.137391
-0.144973
-0.182018
-0.207790
-0.202470
-0.163789
-0.093631
-0.002045
0.088869
0.161872
0.215327
0.247099
0.239405
0.191431
0.127896
0.074901
0.043734
0.025040
0.019532
0.034514
0.057738
0.071488
0.074465
0.065021
0.053609
0.057510
0.050097
0.021537
-0.006971
-0.027037
-0.046225
-0.069633
-0.071421
-0.064865
-0.060241
-0.043162
-0.042383
-0.044883
-0.033492
-0.031950
-0.036378
-0.045495
-0.057835
-0.053656
-0.055172
-0.065280
-0.066203
-0.065866
-0.064978
-0.067080
-0.068236
-0.066947
-0.068319
-0.066922
-0.068288
-0.064349
-0.038760
-0.019309
-0.010487
-0.002702
0.011561
0.036511
0.052183
0.061812
0.072307
0.074567
0.068880
0.058831
0.047578
0.044514
0.045042
0.046343
0.053363
0.059890
0.055550
0.053530
0.055535
0.052819
0.053997
0.051697
0.049364
0.049699
0.046008
0.040505
0.037955
0.034526
0.025869
0.017941
0.004106
-0.012204
-0.021984
-0.030332
-0.030478
-0.024205
-0.034338
-0.039738
-0.029155
-0.035098
-0.033833
-0.013826
-0.007384
-0.013328
-0.015989
-0.018990
-0.020664
-0.020858
-0.024571
-0.016848
-0.011153
-0.011832
-0.004806
-0.003466
-0.006423
0.001291
0.010225
0.011528
0.014760
0.016834
0.016047
0.013166
0.001707
-0.014503
-0.037586
-0.056810
-0.067570
-0.071299
-0.053663
-0.033247
-0.027618
-0.029917
-0.026906
-0.026848
-0.029492
-0.021395
-0.015975
-0.011958
-0.010044
-0.015419
-0.020969
-0.024475
-0.028503
-0.029239
-0.020624
-0.012429
-0.001506
0.013280
0.020578
0.030429
0.038838
0.029755
0.021919
0.019625
0.013885
0.015288
0.017172
0.010742
0.005000
0.004399
0.006536
0.011551
0.010237
0.007931
0.011586
0.021093
0.019882
0.009211
0.019298
0.030312
0.037484
0.045187
0.033249
0.012611
-0.002846
-0.027247
-0.028737
-0.033381
-0.019610
-0.030763
-0.050522
0.002677
-0.024546
-0.058503
-0.092614
-0.054966
-0.059134
-0.156254
-0.077449
-0.015945
0.009013
0.033021
0.027014
0.033499
0.027438
0.014707
-0.017205
-0.048410
-0.065979
-0.064035
-0.059846
-0.050211
-0.028689
-0.009992
0.018443
0.040211
0.043178
0.044753
0.040633
0.036035
0.038660
0.034706
0.020230
0.007214
0.002472
0.005336
0.005366
-0.003714
-0.003870
-0.004885
-0.009364
0.001446
0.016800
0.031127
0.042746
0.050236
0.058080
0.068950
0.068552
0.055417
0.040822
0.025993
0.018375
0.014673
0.005134
-0.003973
-0.009535
-0.011302
-0.004115
0.001334
0.007308
0.009354
0.020117
0.023931
0.011157
0.015104
0.011714
0.008392
0.010634
0.006035
-0.001038
-0.011041
-0.020784
-0.028728
-0.027611
-0.023997
-0.020281
-0.017810
-0.021907
-0.013821
-0.005924
-0.010736
-0.008310
-0.009617
-0.019822
-0.027154
-0.029845
-0.028877
-0.024587
-0.030296
-0.029863
-0.016208
-0.013450
-0.007731
-0.006085
-0.006566
0.003725
0.008678
0.008168
0.007439
0.003670
0.003910
0.010972
0.009819
0.004348
-0.000884
-0.002593
-0.002793
-0.011403
-0.009700
-0.004144
-0.002663
0.003679
0.007180
0.012960
0.010606
0.002544
0.004762
0.003861
0.001804
-0.000559
-0.010198
-0.014393
-0.021376
-0.028561
-0.022648
-0.020150
-0.014105
-0.016219
-0.023813
-0.016044
-0.017031
-0.015173
-0.004940
-0.008433
-0.012405
-0.014473
-0.012007
-0.009217
-0.011521
-0.009683
-0.005416
-0.009946
-0.005320
0.008385
-0.021950
-0.060726
-0.083169
-0.086933
-0.064911
-0.033900
-0.000913
0.023667
0.052971
0.072713
0.071213
0.065112
0.047453
0.023329
-0.002931
-0.023356
-0.031788
-0.040542
-0.039134
-0.039137
-0.038591
-0.028611
-0.017941
-0.003476
0.002713
0.008826
0.024268
0.033233
0.030961
0.022563
0.020180
0.019519
0.008670
-0.001979
-0.009549
-0.019113
-0.024332
-0.023232
-0.018369
-0.007460
0.005523
0.019547
0.030992
0.035642
0.035489
0.030470
0.027782
0.021324
0.011445
0.009553
0.012147
0.016806
0.028894
0.047308
0.072737
0.106065
0.151529
0.200875
0.232873
0.276137
0.337440
0.358919
0.375810
0.427701
0.410585
-0.205593
-0.916222
-1.001311
-0.959215
-1.001450
-0.905298
-0.228145
0.466048
0.636321
0.564773
0.430625
0.378255
0.372323
0.349683
0.282021
0.266973
0.358463
0.483320
0.490197
0.335746
0.145044
-0.026154
-0.198488
-0.336186
-0.380498
-0.335949
-0.244688
-0.121459
0.044400
0.241220
0.416918
0.518751
0.529978
0.467023
0.330198
0.154726
-0.021245
-0.201789
-0.364475
-0.479522
-0.532534
-0.521688
-0.436809
-0.288618
-0.117028
0.052790
0.188401
0.266358
0.292338
0.266212
0.202822
0.137191
0.086674
0.052096
0.022974
-0.003541
-0.017586
-0.019345
-0.008392
0.008327
0.007935
-0.006608
-0.019535
-0.034619
-0.047409
-0.053939
-0.054982
-0.056571
-0.062577
-0.063578
-0.061763
-0.053262
-0.038277
-0.024372
-0.019371
-0.022613
-0.020635
-0.017401
-0.021451
-0.028086
-0.034519
-0.034524
-0.043799
-0.050461
-0.036145
-0.034475
-0.035947
-0.033291
-0.029754
-0.032427
-0.039636
-0.036563
-0.027342
-0.008414
0.005985
0.020651
0.034045
0.037711
0.045569
0.047587
0.038739
0.018477
0.001768
0.007379
0.020450
0.030503
0.028678
0.032011
0.049889
0.054572
0.046638
0.034107
0.024712
0.018760
0.006944
0.001973
0.005678
0.010695
0.021665
0.028043
0.028712
0.037340
0.038961
0.032457
0.024823
0.025536
0.026697
0.039679
0.044274
0.031172
0.045058
0.039248
0.021467
0.008424
0.001774
0.006807
0.006915
0.010815
0.015966
0.023839
0.023072
0.008272
-0.007308
-0.018098
-0.026042
-0.040557
-0.058418
-0.071793
-0.080554
-0.076225
-0.059505
-0.036280
-0.020413
-0.018500
-0.017729
-0.022628
-0.038407
-0.051839
-0.055489
-0.051499
-0.046781
-0.048210
-0.058060
-0.067080
-0.065198
-0.056064
-0.044670
-0.033162
-0.015811
0.010048
0.034378
0.049996
0.048923
0.038231
0.029324
0.021689
0.013665
0.010465
0.011986
0.014223
0.023022
0.031913
0.037723
0.040160
0.038009
0.033850
0.028597
0.027123
0.027130
0.023158
0.019283
0.007627
-0.009581
-0.018631
-0.022089
-0.020508
-0.017245
-0.015122
-0.019879
-0.030072
-0.035006
-0.032352
-0.026156
-0.021755
-0.018390
-0.011062
-0.003109
-0.000615
-0.004188
-0.007196
-0.002913
-0.000143
-0.001243
-0.002003
-0.001435
-0.001822
-0.006949
-0.011978
-0.012655
-0.010644
-0.007887
-0.007363
-0.009514
-0.011405
-0.011390
-0.003962
0.009678
0.020790
0.027417
0.033031
0.035031
0.031207
0.027367
0.019823
0.009356
0.005856
0.007240
0.006648
0.001054
-0.006998
-0.011920
-0.014753
-0.017919
-0.014717
-0.008961
-0.006939
-0.005575
-0.003638
0.001181
0.005568
0.007287
0.007327
0.008418
0.013044
0.018555
0.024369
0.027462
0.023716
0.015659
0.005269
-0.006892
-0.016075
-0.024743
-0.034016
-0.042388
-0.054238
-0.068206
-0.089260
-0.117518
-0.168459
-0.237280
-0.306769
-0.336400
-0.193513
0.041334
0.227173
0.504218
0.802802
0.866814
0.615855
0.125679
-0.326264
-0.559361
-0.580117
-0.420209
-0.186560
0.001428
0.114538
0.185372
0.211693
0.181192
0.106146
0.007596
-0.091196
-0.167971
-0.200916
-0.189804
-0.140611
-0.065949
0.016678
0.097152
0.160116
0.195019
0.199093
0.177617
0.137936
0.086480
0.031381
-0.018631
-0.057279
-0.085933
-0.102714
-0.106056
-0.101672
-0.092082
-0.072629
-0.045806
-0.023048
-0.006081
0.008860
0.020443
0.027181
0.028496
0.027982
0.031023
0.031340
0.028778
0.028140
0.025867
0.020572
0.009681
-0.005124
-0.019405
-0.030621
-0.040638
-0.050768
-0.058591
-0.063887
-0.060820
-0.056151
-0.057315
-0.055142
-0.049575
-0.047152
-0.035799
-0.012709
0.000755
0.011117
0.023719
0.029578
0.033453
0.036512
0.034508
0.028584
0.023110
0.016644
0.008935
0.006746
0.013492
0.020073
0.023283
0.029142
0.035289
0.041136
0.048602
0.054876
0.056567
0.056892
0.057653
0.054372
0.044182
0.031162
0.019532
0.007398
-0.004020
-0.017519
-0.028272
-0.032240
-0.035240
-0.036274
-0.036531
-0.034897
-0.034914
-0.039672
-0.044709
-0.049739
-0.053231
-0.052945
-0.045578
-0.035564
-0.026447
-0.016998
-0.013823
-0.020808
-0.027162
-0.022982
-0.013599
-0.005457
0.003892
0.016994
0.027751
0.039048
0.054062
0.059937
0.056217
0.045407
0.020917
-0.014785
-0.054030
-0.092012
-0.122842
-0.138050
-0.136944
-0.120538
-0.094565
-0.062828
-0.025041
0.008747
0.031876
0.043470
0.050294
0.053004
0.049692
0.048281
0.048199
0.046325
0.042009
0.037121
0.032886
0.023800
0.013393
0.007756
0.006379
0.008555
0.017898
0.030471
0.034656
0.037742
0.036066
0.031585
0.031768
0.033071
0.035967
0.035378
0.030286
0.029543
0.032152
0.029532
0.031780
0.034702
0.037472
0.034799
0.022229
0.015757
0.015509
0.012149
-0.003818
-0.010769
-0.010992
-0.021466
-0.016430
-0.016778
-0.020841
-0.019379
-0.020797
-0.019685
-0.020039
-0.010183
-0.011984
-0.015222
-0.026718
-0.050075
-0.056237
-0.049650
-0.049495
-0.041339
-0.030154
-0.040865
-0.044664
-0.040685
-0.043910
-0.050452
-0.045129
-0.030668
-0.020023
-0.024374
-0.020472
-0.020381
-0.019784
-0.011369
-0.023734
-0.025178
-0.016569
-0.004953
0.004264
0.011421
0.004139
-0.006782
0.002680
0.012101
0.018247
0.000284
-0.015133
-0.003389
0.001098
0.007057
0.018878
0.015777
0.015065
0.022415
0.019447
0.017209
0.029575
0.029920
0.022452
0.031842
0.037285
0.028760
0.019270
0.019778
0.022122
0.026622
0.022120
0.007314
0.004554
-0.006726
-0.017940
-0.013708
-0.011099
-0.005151
-0.008980
-0.011605
-0.011967
-0.016920
-0.011423
-0.005449
0.005546
0.014931
0.022067
0.026272
0.017884
0.008494
0.003494
0.000191
0.000824
-0.005224
-0.022289
-0.025093
-0.023432
-0.015123
-0.007856
0.008482
0.017782
-0.002756
0.010265
0.004704
-0.015027
-0.013738
-0.017667
-0.009977
-0.011373
-0.024853
-0.029286
-0.028759
-0.024791
-0.021060
-0.016813
-0.009002
0.000931
0.009992
0.012820
0.011747
0.004474
0.000830
-0.001188
-0.005697
-0.004007
0.000372
0.007225
0.012355
0.010997
0.009698
0.002902
-0.007471
-0.019381
-0.032884
-0.034564
-0.031426
-0.025895
-0.016225
-0.003592
0.008470
0.018031
0.025199
0.021354
0.015673
0.010384
0.007284
0.007132
0.005804
0.002728
0.000000
0.000000
0.000000
0.000000
0.000000
0.000000
0.000000
0.000000
0.000000
0.000000
0.000000
0.000000
0.000000
0.000000
0.000000
0.000000
0.000000
0.000000
0.000000
0.000000
0.000000
0.000000
0.000000
0.000000
0.000000
0.000000
0.000000
0.000000
0.000000
0.000000
0.000000
0.000000
0.000000
0.000000
0.000000
0.000000
0.000000
0.000000
0.000000
0.000000
0.000000
0.000000
0.000000
0.000000
0.000000
0.000000
0.000000
0.000000
0.000000
0.000000
0.000000
0.000000
0.000000
0.000000
0.000000
0.000000
0.000000
0.000000
0.000000
0.000000
0.000000
0.000000
0.000000
0.000000
0.000000
0.000000
0.000000
0.000000
0.000000
0.000000
0.000000
0.000000
0.000000
0.000000
0.000000
0.000000
0.000000
0.000000
0.000000
0.000000
0.000000
0.000000
0.000000
0.000000
0.000000
0.000000
0.000000
0.000000
0.000000
0.000000
0.000000
0.000000
0.000000
0.000000
0.000000
0.000000
0.000000
0.000000
0.000000
0.000000
0.000000
0.000000
0.000000
0.000000
0.000000
0.000000
0.000000
0.000000
0.000000
0.000000
0.000000
0.000000
0.000000
0.000000
0.000000
0.000000
0.000000
0.000000
0.000000
0.000000
0.000000
0.000000
0.000000
0.000000
0.000000
0.000000
0.000000
0.000000
0.000000
0.000000
0.000000
0.000000
0.000000
0.000000
0.000000
0.000000
0.000000
0.000000
0.000000
0.000000
0.000000
0.000000
0.000000
0.000000
0.000000
0.000000
0.000000
0.000000
0.000000
0.000000
0.000000
0.000000
0.000000
0.000000
0.000000
0.000000
0.000000
0.000000
0.000000
0.000000
0.000000
0.000000
0.000000
0.000000
0.000000
0.000000
0.000000
0.000000
0.000000
0.000000
0.000000
0.000000
0.000000
0.000000
0.000000
0.000000
0.000000
0.000000
0.000000
0.000000
0.000000
0.000000
0.000000
0.000000
0.000000
0.000000
0.000000
0.000000
0.000000
0.000000
0.000000
0.000000
0.000000
0.000000
0.000000
0.000000
0.000000
0.000000
0.000000
0.000000
0.000000
0.000000
0.000000
0.000000
0.000000
0.000000
0.000000
0.000000
0.000000
0.000000
0.000000
0.000000
0.000000
0.000000
0.000000
0.000000
0.000000
0.000000
0.000000
0.000000
0.000000
0.000000
0.000000
0.000000
0.000000
0.000000
0.000000
0.000000
0.000000
0.000000
0.000000
0.000000
0.000000
0.000000
0.000000
0.000000
0.000000
0.000000
0.000000
0.000000
0.000000
0.000000
0.000000
0.000000
0.000000
0.000000
0.000000
0.000000
0.000000
0.000000
0.000000
0.000000
0.000000
0.000000
0.000000
0.000000
0.000000
0.000000
0.000000
0.000000
0.000000
0.000000
0.000000
0.000000
0.000000
0.000000
0.000000
0.000000
0.000000
0.000000
0.000000
0.000000
0.000000
0.000000
0.000000
0.000000
0.000000
0.000000
0.000000
0.000000
0.000000
0.000000
0.000000
0.000000
0.000000
0.000000
0.000000
0.000000
0.000000
0.000000
0.000000
0.000000
0.000000
0.000000
0.000000
0.000000
0.000000
0.000000
0.000000
0.000000
0.000000
0.000000
0.000000
0.000000
0.000000
0.000000
0.000000
0.000000
0.000000
0.000000
0.000000
0.000000
0.000000
0.000000
0.000000
0.000000
0.000000
0.000000
0.000000
0.000000
0.000000
0.000000
0.000000
0.000000
0.000000
0.000000
0.000000
0.000000
0.000000
0.000000
0.000000
0.000000
0.000000
0.000000
0.000000
0.000000
0.000000
0.000000
0.000000
0.000000
0.000000
0.000000
0.000000
0.000000
0.000000
0.000000
0.000000
0.000000
0.000000
0.000000
0.000000
0.000000
0.000000
0.000000
0.000000
0.000000
0.000000
0.000000
0.000000
0.000000
0.000000
0.000000
0.000000
0.000000
0.000000
0.000000
0.000000
0.000000
0.000000
0.000000
0.000000
0.000000
0.000000
0.000000
0.000000
0.000000
0.000000
0.000000
0.000000
0.000000
0.000000
0.000000
0.000000
0.000000
0.000000
0.000000
0.000000
0.000000
0.000000
0.000000
0.000000
0.000000
0.000000
0.000000
0.000000
0.000000
0.000000
0.000000
0.000000
0.000000
0.000000
0.000000
0.000000
0.000000
0.000000
0.000000
0.000000
0.000000
0.000000
0.000000
0.000000
0.000000
0.000000
0.000000
0.000000
0.000000
0.000000
0.000000
0.000000
0.000000
0.000000
0.000000
0.000000
0.000000
0.000000
0.000000
0.000000
0.000000
0.000000
0.000000
0.000000
0.000000
0.000000
0.000000
0.000000
0.000000
0.000000
0.000000
0.000000
0.000000
0.000000
0.000000
0.000000
0.000000
0.000000
0.000000
0.000000
0.000000
0.000000
0.000000
0.000000
0.000000
0.000000
0.000000
0.000000
0.000000
0.000000
0.000000
0.000000
0.000000
0.000000
0.000000
0.000000
0.000000
0.000000
0.000000
0.000000
0.000000
0.000000
0.000000
0.000000
0.000000
0.000000
0.000000
0.000000
0.000000
0.000000
0.000000
0.000000
0.000000
0.000000
0.000000
0.000000
0.000000
0.000000
0.000000
0.000000
0.000000
0.000000
0.000000
0.000000
0.000000
0.000000
0.000000
0.000000
0.000000
0.000000
0.000000
0.000000
0.000000
0.000000
0.000000
0.000000
0.000000
0.000000
0.000000
0.000000
0.000000
0.000000
0.000000
0.000000
0.000000
0.000000
0.000000
0.000000
0.000000
0.000000
0.000000
0.000000
0.000000
0.000000
0.000000
0.000000
0.000000
0.000000
0.000000
0.000000
0.000000
0.000000
0.000000
0.000000
0.000000
0.000000
0.000000
0.000000
0.000000
0.000000
0.000000
0.000000
0.000000
0.000000
0.000000
0.000000
0.000000
0.000000
0.000000
0.000000
0.000000
0.000000
0.000000
0.000000
0.000000
0.000000
0.000000
0.000000
0.000000
0.000000
0.000000
0.000000
0.000000
0.000000
0.000000
0.000000
0.000000
0.000000
0.000000
0.000000
0.000000
0.000000
0.000000
0.000000
0.000000
0.000000
0.000000
0.000000
0.000000
0.000000
0.000000
0.000000
0.000000
0.000000
0.000000
0.000000
0.000000
0.000000
0.000000
0.000000
0.000000
0.000000
0.000000
0.000000
0.000000
0.000000
0.000000
0.000000
0.000000
0.000000
0.000000
0.000000
0.000000
0.000000
0.000000
0.000000
0.000000
0.000000
0.000000
0.000000
0.000000
0.000000
0.000000
0.000000
0.000000
0.000000
0.000000
0.000000
0.000000
0.000000
0.000000
0.000000
0.000000
0.000000
0.000000
0.000000
0.000000
0.000000
0.000000
0.000000
0.000000
0.000000
0.000000
0.000000
0.000000
0.000000
0.000000
0.000000
0.000000
0.000000
0.000000
0.000000
0.000000
0.000000
0.000000
0.000000
0.000000
0.000000
0.000000
0.000000
0.000000
0.000000
0.000000
0.000000
0.000000
0.000000
0.000000
0.000000
0.000000
0.000000
0.000000
0.000000
0.000000
0.000000
0.000000
0.000000
0.000000
0.000000
0.000000
0.000000
0.000000
0.000000
0.000000
0.000000
0.000000
0.000000
0.000000
0.000000
0.000000
0.000000
0.000000
0.000000
0.000000
0.000000
0.000000
0.000000
0.000000
0.000000
0.000000
0.000000
0.000000
0.000000
0.000000
0.000000
0.000000
0.000000
0.000000
0.000000
0.000000
0.000000
0.000000
0.000000
0.000000
0.000000
0.000000
0.000000
0.000000
0.000000
0.000000
0.000000
0.000000
0.000000
0.000000
0.000000
0.000000
0.000000
0.000000
0.000000
0.000000
0.000000
0.000000
0.000000
0.000000
0.000000
0.000000
0.000000
0.000000
0.000000
0.000000
0.000000
0.000000
0.000000
0.000000
0.000000
0.000000
0.000000
0.000000
0.000000
0.000000
0.000000
0.000000
0.000000
0.000000
0.000000
0.000000
0.000000
0.000000
0.000000
0.000000
0.000000
0.000000
0.000000
0.000000
0.000000
0.000000
0.000000
0.000000
0.000000
0.000000
0.000000
0.000000
0.000000
0.000000
0.000000
0.000000
0.000000
0.000000
0.000000
0.000000
0.000000
0.000000
0.000000
0.000000
0.000000
0.000000
0.000000
0.000000
0.000000
0.000000
0.000000
0.000000
0.000000
0.000000
0.000000
0.000000
0.000000
0.000000
0.000000
0.000000
0.000000
0.000000
0.000000
0.000000
0.000000
0.000000
0.000000
0.000000
0.000000
0.000000
0.000000
0.000000
0.000000
0.000000
0.000000
0.000000
0.000000
0.000000
0.000000
0.000000
0.000000
0.000000
0.000000
0.000000
0.000000
0.000000
0.000000
0.000000
0.000000
0.000000
0.000000
0.000000
0.000000
0.000000
0.000000
0.000000
0.000000
0.000000
0.000000
0.000000
0.000000
0.000000
0.000000
0.000000
0.000000
0.000000
0.000000
0.000000
0.000000
0.000000
0.000000
0.000000
0.000000
0.000000
0.000000
0.000000
0.000000
0.000000
0.000000
0.000000
0.000000
0.000000
0.000000
0.000000
0.000000
0.000000
0.000000
0.000000
0.000000
0.000000
0.000000
0.000000
0.000000
0.000000
0.000000
0.000000
0.000000
0.000000
0.000000
0.000000
0.000000
0.000000
0.000000
0.000000
0.000000
0.000000
0.000000
0.000000
0.000000
0.000000
0.000000
0.000000
0.000000
0.000000
0.000000
0.000000
0.000000
0.000000
0.000000
0.000000
0.000000
0.000000
0.000000
0.000000
0.000000
0.000000
0.000000
0.000000
0.000000
0.000000
0.000000
0.000000
0.000000
0.000000
0.000000
0.000000
0.000000
0.000000
0.000000
0.000000
0.000000
0.000000
0.000000
0.000000
0.000000
0.000000
0.000000
0.000000
0.000000
0.000000
0.000000
0.000000
0.000000
0.000000
0.000000
0.000000
0.000000
0.000000
0.000000
0.000000
0.000000
0.000000
0.000000
0.000000
0.000000
0.000000
0.000000
0.000000
0.000000
0.000000
0.000000
0.000000
0.000000
0.000000
0.000000
0.000000
0.000000
0.000000
0.000000
0.000000
0.000000
0.000000
0.000000
0.000000
0.000000
0.000000
0.000000
0.000000
0.000000
0.000000
0.000000
0.000000
0.000000
0.000000
0.000000
0.000000
0.000000
0.000000
0.000000
0.000000
0.000000
0.000000
0.000000
0.000000
0.000000
0.000000
0.000000
0.000000
0.000000
0.000000
0.000000
0.000000
0.000000
0.000000
0.000000
0.000000
0.000000
0.000000
0.000000
0.000000
0.000000
0.000000
0.000000
0.000000
0.000000
0.000000
0.000000
0.000000
0.000000
0.000000
0.000000
0.000000
0.000000
0.000000
0.000000
0.000000
0.000000
0.000000
0.000000
0.000000
0.000000
0.000000
0.000000
0.000000
0.000000
0.000000
0.000000
0.000000
0.000000
0.000000
0.000000
0.000000
0.000000
0.000000
0.000000
0.000000
0.000000
0.000000
0.000000
0.000000
0.000000
0.000000
0.000000
0.000000
0.000000
0.000000
0.000000
0.000000
0.000000
0.000000
0.000000
0.000000
0.000000
0.000000
0.000000
0.000000
0.000000
0.000000
0.000000
0.000000
0.000000
0.000000
0.000000
0.000000
0.000000
0.000000
0.000000
0.000000
0.000000
0.000000
0.000000
0.000000
0.000000
0.000000
0.000000
0.000000
0.000000
0.000000
0.000000
0.000000
0.000000
0.000000
0.000000
0.000000
0.000000
0.000000
0.000000
0.000000
0.000000
0.000000
0.000000
0.000000
0.000000
0.000000
0.000000
0.000000
0.000000
0.000000
0.000000
0.000000
0.000000
0.000000
0.000000
0.000000
0.000000
0.000000
0.000000
0.000000
0.000000
0.000000
0.000000
0.000000
0.000000
0.000000
0.000000
0.000000
0.000000
0.000000
0.000000
0.000000
0.000000
0.000000
0.000000
0.000000
0.000000
0.000000
0.000000
0.000000
0.000000
0.000000
0.000000
0.000000
0.000000
0.000000
0.000000
0.000000
0.000000
0.000000
0.000000
0.000000
0.000000
0.000000
0.000000
0.000000
0.000000
0.000000
0.000000
0.000000
0.000000
0.000000
0.000000
0.000000
0.000000
0.000000
0.000000
0.000000
0.000000
0.000000
0.000000
0.000000
0.000000
0.000000
0.000000
0.000000
0.000000
0.000000
0.000000
0.000000
0.000000
0.000000
0.000000
0.000000
0.000000
0.000000
0.000000
0.000000
0.000000
0.000000
0.000000
0.000000
0.000000
0.000000
0.000000
0.000000
0.000000
0.000000
0.000000
0.000000
0.000000
0.000000
0.000000
0.000000
0.000000
0.000000
0.000000
0.000000
0.000000
0.000000
0.000000
0.000000
0.000000
0.000000
0.000000
0.000000
0.000000
0.000000
0.000000
0.000000
0.000000
0.000000
0.000000
0.000000
0.000000
0.000000
0.000000
0.000000
0.000000
0.000000
0.000000
0.000000
0.000000
0.000000
0.000000
0.000000
0.000000
0.000000
0.000000
0.000000
0.000000
0.000000
0.000000
0.000000
0.000000
0.000000
0.000000
0.000000
0.000000
0.000000
0.000000
0.000000
0.000000
0.000000
0.000000
0.000000
0.000000
0.000000
0.000000
0.000000
0.000000
0.000000
0.000000
0.000000
0.000000
0.000000
0.000000
0.000000
0.000000
0.000000
0.000000
0.000000
0.000000
0.000000
0.000000
0.000000
0.000000
0.000000
0.000000
0.000000
0.000000
0.000000
0.000000
0.000000
0.000000
0.000000
0.000000
0.000000
0.000000
0.000000
0.000000
0.000000
0.000000
0.000000
0.000000
0.000000
0.000000
0.000000
0.000000
0.000000
0.000000
0.000000
0.000000
0.000000
0.000000
0.000000
0.000000
0.000000
0.000000
0.000000
0.000000
0.000000
0.000000
0.000000
0.000000
0.000000
0.000000
0.000000
0.000000
0.000000
0.000000
0.000000
0.000000
0.000000
0.000000
0.000000
0.000000
0.000000
0.000000
0.000000
0.000000
0.000000
0.000000
0.000000
0.000000
0.000000
0.000000
0.000000
0.000000
0.000000
0.000000
0.000000
0.000000
0.000000
0.000000
0.000000
0.000000
0.000000
0.000000
0.000000
0.000000
0.000000
0.000000
0.000000
0.000000
0.000000
0.000000
0.000000
0.000000
0.000000
0.000000
0.000000
0.000000
0.000000
0.000000
0.000000
0.000000
0.000000
0.000000
0.000000
0.000000
0.000000
0.000000
0.000000
0.000000
0.000000
0.000000
0.000000
0.000000
0.000000
0.000000
0.000000
0.000000
0.000000
0.000000
0.000000
0.000000
0.000000
0.000000
0.000000
0.000000
0.000000
0.000000
0.000000
0.000000
0.000000
0.000000
0.000000
0.000000
0.000000
0.000000
0.000000
0.000000
0.000000
0.000000
0.000000
0.000000
0.000000
0.000000
0.000000
0.000000
0.000000
0.000000
0.000000
0.000000
0.000000
0.000000
0.000000
0.000000
0.000000
0.000000
0.000000
0.000000
0.000000
0.000000
0.000000
0.000000
0.000000
0.000000
0.000000
0.000000
0.000000
0.000000
0.000000
0.000000
0.000000
0.000000
0.000000
0.000000
0.000000
0.000000
0.000000
0.000000
0.000000
0.000000
0.000000
0.000000
0.000000
0.000000
0.000000
0.000000
0.000000
0.000000
0.000000
0.000000
0.000000
0.000000
0.000000
0.000000
0.000000
0.000000
0.000000
0.000000
0.000000
0.000000
0.000000
0.000000
0.000000
0.000000
0.000000
0.000000
0.000000
0.000000
0.000000
0.000000
0.000000
0.000000
0.000000
0.000000
0.000000
0.000000
0.000000
0.000000
0.000000
0.000000
0.000000
0.000000
0.000000
0.000000
0.000000
0.000000
0.000000
0.000000
0.000000
0.000000
0.000000
0.000000
0.000000
0.000000
0.000000
0.000000
0.000000
0.000000
0.000000
0.000000
0.000000
0.000000
0.000000
0.000000
0.000000
0.000000
0.000000
0.000000
0.000000
0.000000
0.000000
0.000000
0.000000
0.000000
0.000000
0.000000
0.000000
0.000000
0.000000
0.000000
0.000000
0.000000
0.000000
0.000000
0.000000
0.000000
0.000000
0.000000
0.000000
0.000000
0.000000
0.000000
0.000000
0.000000
0.000000
0.000000
0.000000
0.000000
0.000000
0.000000
0.000000
0.000000
0.000000
0.000000
0.000000
0.000000
0.000000
0.000000
0.000000
0.000000
0.000000
0.000000
0.000000
0.000000
0.000000
0.000000
0.000000
0.000000
0.000000
0.000000
0.000000
0.000000
0.000000
0.000000
0.000000
0.000000
0.000000
0.000000
0.000000
0.000000
0.000000
0.000000
0.000000
0.000000
0.000000
0.000000
0.000000
0.000000
0.000000
0.000000
0.000000
0.000000
0.000000
0.000000
0.000000
0.000000
0.000000
0.000000
0.000000
0.000000
0.000000
0.000000
0.000000
0.000000
0.000000
0.000000
0.000000
0.000000
0.000000
0.000000
0.000000
0.000000
0.000000
0.000000
0.000000
0.000000
0.000000
0.000000
0.000000
0.000000
0.000000
0.000000
0.000000
0.000000
0.000000
0.000000
0.000000
0.000000
0.000000
0.000000
0.000000
0.000000
0.000000
0.000000
0.000000
0.000000
0.000000
0.000000
0.000000
0.000000
0.000000
0.000000
0.000000
0.000000
0.000000
0.000000
0.000000
0.000000
0.000000
0.000000
0.000000
0.000000
0.000000
0.000000
0.000000
0.000000
0.000000
0.000000
0.000000
0.000000
0.000000
0.000000
0.000000
0.000000
0.000000
0.000000
0.000000
0.000000
0.000000
0.000000
0.000000
0.000000
0.000000
0.000000
0.000000
0.000000
0.000000
0.000000
0.000000
0.000000
0.000000
0.000000
0.000000
0.000000
0.000000
0.000000
0.000000
0.000000
0.000000
0.000000
0.000000
0.000000
0.000000
0.000000
0.000000
0.000000
0.000000
0.000000
0.000000
0.000000
0.000000
0.000000
0.000000
0.000000
0.000000
0.000000
0.000000
0.000000
0.000000
0.000000
0.000000
0.000000
0.000000
0.000000
0.000000
0.000000
0.000000
0.000000
0.000000
0.000000
0.000000
0.000000
0.000000
0.000000
0.000000
0.000000
0.000000
0.000000
0.000000
0.000000
0.000000
0.000000
0.000000
0.000000
0.000000
0.000000
0.000000
0.000000
0.000000
0.000000
0.000000
0.000000
0.000000
0.000000
0.000000
0.000000
0.000000
0.000000
0.000000
0.000000
0.000000
0.000000
0.000000
0.000000
0.000000
0.000000
0.000000
0.000000
0.000000
0.000000
0.000000
0.000000
0.000000
0.000000
0.000000
0.000000
0.000000
0.000000
0.000000
0.000000
0.000000
0.000000
0.000000
0.000000
0.000000
0.000000
0.000000
0.000000
0.000000
0.000000
0.000000
0.000000
0.000000
0.000000
0.000000
0.000000
0.000000
