0.108349
0.111568
0.101774
0.076039
0.030296
0.006716
0.004733
-0.008611
0.020173
0.054556
0.042881
0.064253
0.180896
0.323423
0.331967
0.307933
0.318775
0.264843
0.246350
0.321229
0.240999
0.025826
-0.398092
-0.922887
-0.986454
-0.976239
-0.983380
-0.977834
-0.688739
0.352531
0.962929
0.976758
0.884953
0.412118
0.007934
-0.118895
-0.102320
-0.010836
0.151372
0.404926
0.593409
0.704910
0.681355
0.575212
0.493766
0.299856
0.021841
-0.201825
-0.348089
-0.396711
-0.374510
-0.249136
-0.036115
0.186505
0.410072
0.526887
0.512999
0.472328
0.397924
0.245414
-0.013889
-0.362224
-0.629119
-0.713933
-0.714013
-0.669425
-0.531363
-0.371243
-0.231780
-0.074698
0.004484
0.002574
-0.023222
-0.061903
-0.072031
-0.094629
-0.099969
0.020405
0.165614
0.229696
0.287850
0.294003
0.249367
0.222636
0.201281
0.178875
0.141950
0.098943
0.064569
0.034914
0.003671
-0.024339
-0.049499
-0.070589
-0.087478
-0.090029
-0.080901
-0.065188
-0.035672
0.000369
0.029360
0.047792
0.058944
0.049351
0.021025
-0.001148
-0.014456
-0.038941
-0.050213
-0.044627
-0.052275
-0.063688
-0.076008
-0.079029
-0.072226
-0.074940
-0.092144
-0.103774
-0.099424
-0.097433
-0.091141
-0.066855
-0.035081
-0.003467
0.023881
0.046074
0.055770
0.056307
0.066721
0.080468
0.085900
0.090715
0.102155
0.101651
0.080987
0.066609
0.052352
0.028940
0.011447
-0.003012
-0.012766
-0.021422
-0.024604
-0.006024
0.020555
0.036388
0.038338
0.019781
-0.008446
-0.022553
-0.026528
-0.029985
-0.032872
-0.029203
-0.013353
0.004940
0.003900
-0.010074
-0.009416
-0.008681
-0.021719
-0.027462
-0.022640
-0.018827
-0.014564
-0.016998
-0.015131
-0.030799
-0.039107
0.006071
-0.017585
-0.029319
0.008987
-0.029654
-0.041021
-0.029116
-0.032003
-0.029070
-0.030496
-0.029836
-0.029607
-0.019720
-0.010001
0.009178
0.033878
0.046683
0.048004
0.048160
0.051343
0.048480
0.041939
0.033339
0.026048
0.023361
0.022557
0.018146
0.007657
-0.010659
-0.031586
-0.031075
-0.012707
-0.003199
-0.026661
-0.074010
-0.089591
-0.061916
-0.028181
0.004213
0.013923
0.006778
-0.021150
-0.028004
-0.000643
-0.015396
-0.008356
0.009181
0.010713
0.015521
0.006831
-0.005580
-0.013183
-0.014556
-0.020332
-0.012444
0.007238
0.013496
0.003601
-0.000998
0.017303
0.024762
-0.005911
-0.019141
-0.011717
-0.012776
-0.013955
0.007894
0.026702
0.020922
0.280385
0.460317
-0.114406
-0.748323
-0.811607
-0.636379
-0.301347
0.187485
0.586787
0.778573
0.778598
0.619204
0.356406
0.072097
-0.141896
-0.268776
-0.336342
-0.350596
-0.332111
-0.290045
-0.229539
-0.151843
-0.071843
-0.053403
-0.072010
-0.042705
0.020532
0.074674
0.112616
0.136304
0.143354
0.130442
0.097202
0.051979
0.011776
-0.016428
-0.032041
-0.041943
-0.051556
-0.055876
-0.051603
-0.037475
-0.013505
0.021632
0.026265
-0.023140
-0.068563
-0.109169
-0.191795
-0.278441
-0.330894
-0.281405
-0.092587
0.171957
0.627990
0.956648
0.979221
0.827249
0.258900
-0.333741
-0.627072
-0.712990
-0.592702
-0.385520
-0.214151
-0.089189
0.033587
0.104287
0.110519
0.087372
0.059634
0.026967
-0.005726
-0.019663
-0.025005
-0.021689
-0.002485
0.026274
0.059702
0.090325
0.108567
0.109531
0.096153
0.072617
0.047210
0.019078
-0.012339
-0.033699
-0.046291
-0.059671
-0.067480
-0.061202
-0.046416
-0.033756
-0.032528
-0.043562
-0.043249
-0.013080
0.023654
0.040518
0.051790
0.052649
0.038126
0.036225
0.041166
0.046363
0.044290
0.034021
0.021141
0.013411
0.002071
-0.024172
-0.029526
-0.039153
-0.033540
-0.060752
-0.015148
-0.002600
0.122986
0.293927
0.108083
-0.013481
0.109429
0.068887
-0.139247
0.149035
0.534903
0.664134
0.672370
0.519587
0.335991
0.133557
-0.019966
-0.136097
-0.201870
-0.227793
-0.240153
-0.236133
-0.203014
-0.164994
-0.113943
-0.052692
-0.004036
0.039040
0.075790
0.107939
0.129188
0.134050
0.125957
0.107773
0.085843
0.057104
0.023382
-0.003060
-0.021026
-0.031453
-0.036593
-0.044578
-0.054880
-0.062393
-0.068607
-0.071194
-0.067922
-0.065206
-0.059500
-0.050116
-0.039995
-0.029099
-0.022685
-0.020918
-0.020294
-0.022792
-0.024520
-0.023995
-0.021245
-0.022782
-0.031207
-0.020919
-0.005094
0.011617
0.035034
0.046984
0.057744
0.060124
0.071653
0.065401
0.068619
0.085662
0.049734
0.017857
-0.003189
-0.012247
-0.014025
-0.013819
-0.022614
-0.042916
-0.050660
-0.052681
-0.055516
-0.061581
-0.061424
-0.047634
-0.022289
0.001325
0.017342
0.026138
0.031780
0.034130
0.033114
0.028302
0.020784
0.014130
0.007258
-0.000164
-0.010599
-0.018102
-0.020893
-0.022136
-0.016660
-0.004896
0.012874
0.026698
0.038938
0.055938
0.056297
0.064579
0.048406
0.039897
0.001903
-0.029732
0.027208
0.010859
0.012539
0.012962
0.001175
0.020278
-0.001968
-0.021048
-0.056975
-0.100632
-0.118707
-0.097856
-0.065611
-0.042712
-0.025216
-0.005687
0.010630
0.021276
0.002072
-0.029295
-0.009117
0.006049
0.002519
0.005492
0.012400
0.008595
0.007179
0.042646
0.080976
0.100532
0.097301
0.061488
0.000936
-0.054827
-0.088628
-0.099136
-0.090162
-0.069517
-0.036208
0.002448
0.035911
0.047535
0.022352
-0.019849
-0.051252
-0.063512
-0.054391
-0.028151
0.004073
0.030435
0.044972
0.051091
0.048070
0.044474
0.040974
0.037511
0.043921
0.044420
0.044065
0.046317
0.044742
0.044199
0.036789
0.026257
0.017158
0.011050
0.007460
0.004270
0.000181
-0.008346
-0.017871
-0.027672
-0.033907
-0.034340
-0.031833
-0.022076
-0.004656
0.014173
0.027747
0.035293
0.034843
0.025202
0.017416
0.012735
0.003669
-0.001057
-0.002992
-0.010284
-0.018456
-0.027992
-0.035158
-0.038891
-0.044686
-0.050260
-0.049847
-0.046009
-0.037910
-0.032293
-0.031634
-0.025363
-0.022724
-0.021017
-0.013262
-0.002706
0.002029
0.001441
0.004998
0.002259
-0.007915
-0.015111
-0.017881
-0.013120
-0.013451
-0.023159
-0.027676
-0.020666
-0.008349
0.002091
0.021041
0.030756
0.021200
0.016704
0.015723
0.007344
0.006712
0.013132
-0.000376
-0.018341
-0.008058
0.023935
0.078272
0.046237
0.089308
0.211700
0.072199
0.094528
0.118942
0.136649
0.514702
0.692164
0.720440
0.645358
0.424961
0.202574
-0.006201
-0.139822
-0.246183
-0.307603
-0.334417
-0.329850
-0.300215
-0.252150
-0.186836
-0.114773
-0.046020
0.007057
0.050828
0.085704
0.107602
0.112330
0.109161
0.107887
0.098157
0.078955
0.048179
0.014306
-0.014096
-0.035156
-0.045572
-0.052645
-0.054416
-0.049523
-0.040540
-0.030870
-0.019521
-0.010202
-0.009827
-0.007726
-0.002384
-0.000813
-0.003919
-0.010898
-0.012492
-0.007240
0.000271
0.006352
0.006692
0.006875
0.008659
0.006534
0.002049
0.002723
0.009217
0.018634
0.027623
0.031484
0.029445
0.028784
0.028625
0.026501
0.031401
0.034095
0.024240
0.013103
0.010037
0.009813
0.006046
0.001085
-0.011977
-0.029909
-0.045885
-0.059594
-0.058605
-0.042930
-0.001056
0.067973
0.146656
0.219797
0.286004
0.339991
0.370954
0.405655
0.424045
0.515317
0.578604
0.541644
0.352528
-0.399922
-0.970093
-0.996204
-0.961305
-1.000919
-0.687736
0.373141
0.982869
0.950962
0.571726
-0.084593
-0.422808
-0.456133
-0.379037
-0.250743
0.021299
0.383200
0.667406
0.772962
0.695153
0.548875
0.384483
0.182057
-0.023343
-0.192907
-0.299667
-0.326095
-0.270062
-0.126141
0.069325
0.247004
0.373996
0.426930
0.409399
0.338028
0.203679
0.060477
-0.096191
-0.366801
-0.652964
-0.835726
-0.936104
-0.832315
-0.467039
0.005016
0.347575
0.421447
0.327441
0.157292
-0.037132
-0.156299
-0.190550
-0.146570
-0.046780
0.058913
0.139106
0.165244
0.131374
0.068882
0.015494
-0.016700
-0.022586
0.005125
0.038620
0.083885
0.092772
0.046631
0.046750
0.039724
0.031453
0.045383
0.049110
0.055584
0.060132
0.063229
0.054961
0.036084
0.021740
0.015183
-0.001118
-0.031111
-0.053883
-0.056423
-0.061662
-0.069235
-0.073627
-0.070116
-0.056151
-0.051040
-0.035479
-0.017140
-0.012446
0.003063
0.020736
0.030401
0.033678
0.035456
0.026578
0.017405
0.027796
0.029795
0.030892
0.029407
0.026542
0.028989
0.029264
0.022269
0.013646
0.024177
0.000531
-0.047917
-0.056459
-0.044829
-0.027820
0.004061
0.048781
0.080601
0.081191
0.069923
0.062567
0.046951
0.025486
0.011568
0.002147
0.001422
0.004662
0.008656
0.009023
-0.006862
-0.030229
-0.042825
-0.032321
-0.028053
-0.022965
-0.011534
-0.023136
-0.026183
-0.023274
-0.025932
-0.031659
-0.030286
-0.014601
-0.003974
-0.002353
-0.000993
0.009549
0.016436
0.011542
0.005505
-0.004975
-0.018659
-0.034031
-0.036184
-0.034455
-0.018632
0.000302
-0.031311
-0.033180
-0.015077
-0.032700
-0.041547
-0.039034
-0.028611
-0.010931
0.008389
0.022199
0.023210
0.015297
0.004356
-0.005642
-0.013411
-0.015215
-0.009457
-0.001968
0.006136
0.007992
0.004008
-0.000031
-0.006867
-0.008022
0.002182
0.017226
0.032287
0.041635
0.041723
0.036349
0.031344
0.030302
0.029016
0.021360
0.013326
0.005306
-0.006822
-0.019047
-0.029297
-0.034559
-0.040325
-0.047586
-0.050387
-0.045595
-0.033542
-0.021931
-0.016659
-0.021864
-0.027809
-0.031704
-0.038825
-0.042950
-0.039252
-0.028361
-0.022195
-0.020054
-0.015088
-0.006609
0.001491
0.000760
-0.007021
-0.018838
-0.028691
-0.033700
-0.032643
-0.027774
-0.024586
-0.022333
-0.019563
-0.016418
-0.014145
-0.011304
-0.008390
-0.005623
-0.002416
0.002768
0.009333
0.011469
0.009844
0.009069
0.010484
0.010849
0.012017
0.022275
0.040418
0.058643
0.073666
0.083810
0.086726
0.082897
0.075809
0.064912
0.049037
0.029175
0.000649
-0.024903
-0.038544
-0.048130
-0.057716
-0.074970
-0.106095
-0.154067
-0.227110
-0.312835
-0.327870
-0.227389
-0.068589
0.135570
0.559755
0.923625
0.978968
0.832063
0.327303
-0.162471
-0.394670
-0.516793
-0.493882
-0.382993
-0.273979
-0.183753
-0.071195
0.017171
0.016609
-0.071936
-0.190650
-0.267823
-0.303254
-0.288305
-0.222082
-0.131368
-0.001876
0.058052
0.184784
0.234505
0.396201
-0.010343
-0.334718
0.159398
-0.001269
0.165290
0.442830
0.431538
0.454662
0.290496
0.212171
0.091749
0.017535
-0.048380
-0.091708
-0.117994
-0.133710
-0.130890
-0.122992
-0.105086
-0.080031
-0.052329
-0.026807
0.003366
0.035703
0.056980
0.066906
0.069888
0.065122
0.049508
0.035582
0.022026
0.001821
-0.020572
-0.038919
-0.057073
-0.080542
-0.078810
-0.064572
-0.053372
-0.026304
0.003983
0.018882
0.003008
-0.017690
-0.027775
-0.041500
-0.055087
-0.060195
-0.049637
-0.031199
-0.007284
0.020066
0.040597
0.052609
0.054974
0.048060
0.035538
0.022210
0.014500
0.011227
0.010583
0.014748
0.020053
0.022729
0.021454
0.018824
0.018716
0.022897
0.028787
0.032150
0.032224
0.027583
0.019585
0.010607
0.002982
-0.001189
-0.003024
-0.010556
-0.028605
-0.053329
-0.073867
-0.077456
-0.075178
-0.073100
-0.062534
-0.040239
-0.004231
0.038502
0.077351
0.090160
0.080020
0.069312
0.049880
0.021364
-0.001629
-0.010139
-0.008190
-0.004366
0.000031
0.002531
0.003263
0.002828
0.001767
0.004837
0.016674
0.035616
0.056076
0.070315
0.075721
0.076874
0.073535
0.060092
0.039062
0.011142
-0.025152
-0.059340
-0.084751
-0.100831
-0.108949
-0.115668
-0.122444
-0.121735
-0.110853
-0.088682
-0.060871
-0.042165
-0.031439
-0.021343
-0.009102
0.005691
0.014278
0.019678
0.017563
0.012943
0.000342
-0.005798
-0.015884
-0.033327
-0.000649
0.000904
0.022579
0.082137
0.038979
-0.000024
0.030152
0.056971
0.058081
0.035136
0.001720
-0.012685
-0.005532
-0.003135
-0.000312
-0.004921
-0.013133
-0.014626
-0.006989
-0.000398
-0.004603
-0.005567
-0.014688
-0.010714
0.010747
0.022941
0.033779
0.045471
0.050757
0.048002
0.042414
0.036270
0.026952
0.016713
0.005342
-0.007695
-0.015564
-0.017558
-0.019958
-0.024564
-0.027353
-0.025480
-0.022939
-0.019299
-0.012344
-0.006484
-0.000668
0.004280
0.007850
0.008028
0.005410
0.002039
-0.002031
-0.005156
-0.007536
-0.004662
-0.002522
-0.001834
-0.000974
-0.002271
-0.004749
-0.010164
-0.014516
-0.017697
-0.017935
-0.012833
-0.006989
-0.007435
-0.012000
-0.012199
-0.008482
-0.006167
-0.004798
-0.005449
-0.003767
0.015256
0.027241
0.020777
0.009182
0.009237
0.003158
0.009883
0.024781
0.008792
0.001369
-0.023133
-0.033720
-0.015222
0.004851
0.021489
0.021132
0.025640
0.030205
0.030425
0.029926
0.030249
0.027295
0.018679
0.008812
0.000389
-0.004289
-0.003374
-0.001280
-0.008840
-0.019843
-0.020646
-0.015172
-0.012225
-0.014705
-0.018911
-0.020067
-0.016457
-0.012555
-0.010791
-0.010944
-0.011678
-0.005785
0.002377
0.007001
0.007504
0.002026
-0.006750
-0.013245
-0.011838
-0.011445
-0.009747
-0.013704
-0.014309
-0.024930
-0.031397
-0.017915
-0.031115
-0.023792
-0.014106
-0.006980
-0.004367
-0.002443
-0.018049
-0.051113
-0.011210
-0.000416
-0.009008
0.019539
0.008737
0.020670
0.007717
0.021436
0.036460
-0.125815
-0.214168
-0.193380
-0.147858
-0.072657
-0.008041
0.065085
0.119248
0.158206
0.170539
0.145290
0.093903
0.047064
0.003783
-0.047590
-0.084225
-0.104355
-0.108894
-0.089222
-0.067045
-0.045193
-0.022412
-0.014071
-0.009777
-0.000037
0.004273
0.007715
0.017982
0.028114
0.031715
0.027733
0.023785
0.018203
0.005758
-0.004501
-0.005033
0.001968
0.011054
0.014714
0.012613
0.009621
0.007924
0.005087
0.001021
0.000727
0.004721
0.004266
0.003553
0.014818
0.003944
0.005447
0.027029
0.007795
-0.012953
-0.022746
-0.024360
-0.011799
-0.003829
-0.002699
0.000000
0.000000
0.000000
0.000000
0.000000
0.000000
0.000000
0.000000
0.000000
0.000000
0.000000
0.000000
0.000000
0.000000
0.000000
0.000000
0.000000
0.000000
0.000000
0.000000
0.000000
0.000000
0.000000
0.000000
0.000000
0.000000
0.000000
0.000000
0.000000
0.000000
0.000000
0.000000
0.000000
0.000000
0.000000
0.000000
0.000000
0.000000
0.000000
0.000000
0.000000
0.000000
0.000000
0.000000
0.000000
0.000000
0.000000
0.000000
0.000000
0.000000
0.000000
0.000000
0.000000
0.000000
0.000000
0.000000
0.000000
0.000000
0.000000
0.000000
0.000000
0.000000
0.000000
0.000000
0.000000
0.000000
0.000000
0.000000
0.000000
0.000000
0.000000
0.000000
0.000000
0.000000
0.000000
0.000000
0.000000
0.000000
0.000000
0.000000
0.000000
0.000000
0.000000
0.000000
0.000000
0.000000
0.000000
0.000000
0.000000
0.000000
0.000000
0.000000
0.000000
0.000000
0.000000
0.000000
0.000000
0.000000
0.000000
0.000000
0.000000
0.000000
0.000000
0.000000
0.000000
0.000000
0.000000
0.000000
0.000000
0.000000
0.000000
0.000000
0.000000
0.000000
0.000000
0.000000
0.000000
0.000000
0.000000
0.000000
0.000000
0.000000
0.000000
0.000000
0.000000
0.000000
0.000000
0.000000
0.000000
0.000000
0.000000
0.000000
0.000000
0.000000
0.000000
0.000000
0.000000
0.000000
0.000000
0.000000
0.000000
0.000000
0.000000
0.000000
0.000000
0.000000
0.000000
0.000000
0.000000
0.000000
0.000000
0.000000
0.000000
0.000000
0.000000
0.000000
0.000000
0.000000
0.000000
0.000000
0.000000
0.000000
0.000000
0.000000
0.000000
0.000000
0.000000
0.000000
0.000000
0.000000
0.000000
0.000000
0.000000
0.000000
0.000000
0.000000
0.000000
0.000000
0.000000
0.000000
0.000000
0.000000
0.000000
0.000000
0.000000
0.000000
0.000000
0.000000
0.000000
0.000000
0.000000
0.000000
0.000000
0.000000
0.000000
0.000000
0.000000
0.000000
0.000000
0.000000
0.000000
0.000000
0.000000
0.000000
0.000000
0.000000
0.000000
0.000000
0.000000
0.000000
0.000000
0.000000
0.000000
0.000000
0.000000
0.000000
0.000000
0.000000
0.000000
0.000000
0.000000
0.000000
0.000000
0.000000
0.000000
0.000000
0.000000
0.000000
0.000000
0.000000
0.000000
0.000000
0.000000
0.000000
0.000000
0.000000
0.000000
0.000000
0.000000
0.000000
0.000000
0.000000
0.000000
0.000000
0.000000
0.000000
0.000000
0.000000
0.000000
0.000000
0.000000
0.000000
0.000000
0.000000
0.000000
0.000000
0.000000
0.000000
0.000000
0.000000
0.000000
0.000000
0.000000
0.000000
0.000000
0.000000
0.000000
0.000000
0.000000
0.000000
0.000000
0.000000
0.000000
0.000000
0.000000
0.000000
0.000000
0.000000
0.000000
0.000000
0.000000
0.000000
0.000000
0.000000
0.000000
0.000000
0.000000
0.000000
0.000000
0.000000
0.000000
0.000000
0.000000
0.000000
0.000000
0.000000
0.000000
0.000000
0.000000
0.000000
0.000000
0.000000
0.000000
0.000000
0.000000
0.000000
0.000000
0.000000
0.000000
0.000000
0.000000
0.000000
0.000000
0.000000
0.000000
0.000000
0.000000
0.000000
0.000000
0.000000
0.000000
0.000000
0.000000
0.000000
0.000000
0.000000
0.000000
0.000000
0.000000
0.000000
0.000000
0.000000
0.000000
0.000000
0.000000
0.000000
0.000000
0.000000
0.000000
0.000000
0.000000
0.000000
0.000000
0.000000
0.000000
0.000000
0.000000
0.000000
0.000000
0.000000
0.000000
0.000000
0.000000
0.000000
0.000000
0.000000
0.000000
0.000000
0.000000
0.000000
0.000000
0.000000
0.000000
0.000000
0.000000
0.000000
0.000000
0.000000
0.000000
0.000000
0.000000
0.000000
0.000000
0.000000
0.000000
0.000000
0.000000
0.000000
0.000000
0.000000
0.000000
0.000000
0.000000
0.000000
0.000000
0.000000
0.000000
0.000000
0.000000
0.000000
0.000000
0.000000
0.000000
0.000000
0.000000
0.000000
0.000000
0.000000
0.000000
0.000000
0.000000
0.000000
0.000000
0.000000
0.000000
0.000000
0.000000
0.000000
0.000000
0.000000
0.000000
0.000000
0.000000
0.000000
0.000000
0.000000
0.000000
0.000000
0.000000
0.000000
0.000000
0.000000
0.000000
0.000000
0.000000
0.000000
0.000000
0.000000
0.000000
0.000000
0.000000
0.000000
0.000000
0.000000
0.000000
0.000000
0.000000
0.000000
0.000000
0.000000
0.000000
0.000000
0.000000
0.000000
0.000000
0.000000
0.000000
0.000000
0.000000
0.000000
0.000000
0.000000
0.000000
0.000000
0.000000
0.000000
0.000000
0.000000
0.000000
0.000000
0.000000
0.000000
0.000000
0.000000
0.000000
0.000000
0.000000
0.000000
0.000000
0.000000
0.000000
0.000000
0.000000
0.000000
0.000000
0.000000
0.000000
0.000000
0.000000
0.000000
0.000000
0.000000
0.000000
0.000000
0.000000
0.000000
0.000000
0.000000
0.000000
0.000000
0.000000
0.000000
0.000000
0.000000
0.000000
0.000000
0.000000
0.000000
0.000000
0.000000
0.000000
0.000000
0.000000
0.000000
0.000000
0.000000
0.000000
0.000000
0.000000
0.000000
0.000000
0.000000
0.000000
0.000000
0.000000
0.000000
0.000000
0.000000
0.000000
0.000000
0.000000
0.000000
0.000000
0.000000
0.000000
0.000000
0.000000
0.000000
0.000000
0.000000
0.000000
0.000000
0.000000
0.000000
0.000000
0.000000
0.000000
0.000000
0.000000
0.000000
0.000000
0.000000
0.000000
0.000000
0.000000
0.000000
0.000000
0.000000
0.000000
0.000000
0.000000
0.000000
0.000000
0.000000
0.000000
0.000000
0.000000
0.000000
0.000000
0.000000
0.000000
0.000000
0.000000
0.000000
0.000000
0.000000
0.000000
0.000000
0.000000
0.000000
0.000000
0.000000
0.000000
0.000000
0.000000
0.000000
0.000000
0.000000
0.000000
0.000000
0.000000
0.000000
0.000000
0.000000
0.000000
0.000000
0.000000
0.000000
0.000000
0.000000
0.000000
0.000000
0.000000
0.000000
0.000000
0.000000
0.000000
0.000000
0.000000
0.000000
0.000000
0.000000
0.000000
0.000000
0.000000
0.000000
0.000000
0.000000
0.000000
0.000000
0.000000
0.000000
0.000000
0.000000
0.000000
0.000000
0.000000
0.000000
0.000000
0.000000
0.000000
0.000000
0.000000
0.000000
0.000000
0.000000
0.000000
0.000000
0.000000
0.000000
0.000000
0.000000
0.000000
0.000000
0.000000
0.000000
0.000000
0.000000
0.000000
0.000000
0.000000
0.000000
0.000000
0.000000
0.000000
0.000000
0.000000
0.000000
0.000000
0.000000
0.000000
0.000000
0.000000
0.000000
0.000000
0.000000
0.000000
0.000000
0.000000
0.000000
0.000000
0.000000
0.000000
0.000000
0.000000
0.000000
0.000000
0.000000
0.000000
0.000000
0.000000
0.000000
0.000000
0.000000
0.000000
0.000000
0.000000
0.000000
0.000000
0.000000
0.000000
0.000000
0.000000
0.000000
0.000000
0.000000
0.000000
0.000000
0.000000
0.000000
0.000000
0.000000
0.000000
0.000000
0.000000
0.000000
0.000000
0.000000
0.000000
0.000000
0.000000
0.000000
0.000000
0.000000
0.000000
0.000000
0.000000
0.000000
0.000000
0.000000
0.000000
0.000000
0.000000
0.000000
0.000000
0.000000
0.000000
0.000000
0.000000
0.000000
0.000000
0.000000
0.000000
0.000000
0.000000
0.000000
0.000000
0.000000
0.000000
0.000000
0.000000
0.000000
0.000000
0.000000
0.000000
0.000000
0.000000
0.000000
0.000000
0.000000
0.000000
0.000000
0.000000
0.000000
0.000000
0.000000
0.000000
0.000000
0.000000
0.000000
0.000000
0.000000
0.000000
0.000000
0.000000
0.000000
0.000000
0.000000
0.000000
0.000000
0.000000
0.000000
0.000000
0.000000
0.000000
0.000000
0.000000
0.000000
0.000000
0.000000
0.000000
0.000000
0.000000
0.000000
0.000000
0.000000
0.000000
0.000000
0.000000
0.000000
0.000000
0.000000
0.000000
0.000000
0.000000
0.000000
0.000000
0.000000
0.000000
0.000000
0.000000
0.000000
0.000000
0.000000
0.000000
0.000000
0.000000
0.000000
0.000000
0.000000
0.000000
0.000000
0.000000
0.000000
0.000000
0.000000
0.000000
0.000000
0.000000
0.000000
0.000000
0.000000
0.000000
0.000000
0.000000
0.000000
0.000000
0.000000
0.000000
0.000000
0.000000
0.000000
0.000000
0.000000
0.000000
0.000000
0.000000
0.000000
0.000000
0.000000
0.000000
0.000000
0.000000
0.000000
0.000000
0.000000
0.000000
0.000000
0.000000
0.000000
0.000000
0.000000
0.000000
0.000000
0.000000
0.000000
0.000000
0.000000
0.000000
0.000000
0.000000
0.000000
0.000000
0.000000
0.000000
0.000000
0.000000
0.000000
0.000000
0.000000
0.000000
0.000000
0.000000
0.000000
0.000000
0.000000
0.000000
0.000000
0.000000
0.000000
0.000000
0.000000
0.000000
0.000000
0.000000
0.000000
0.000000
0.000000
0.000000
0.000000
0.000000
0.000000
0.000000
0.000000
0.000000
0.000000
0.000000
0.000000
0.000000
0.000000
0.000000
0.000000
0.000000
0.000000
0.000000
0.000000
0.000000
0.000000
0.000000
0.000000
0.000000
0.000000
0.000000
0.000000
0.000000
0.000000
0.000000
0.000000
0.000000
0.000000
0.000000
0.000000
0.000000
0.000000
0.000000
0.000000
0.000000
0.000000
0.000000
0.000000
0.000000
0.000000
0.000000
0.000000
0.000000
0.000000
0.000000
0.000000
0.000000
0.000000
0.000000
0.000000
0.000000
0.000000
0.000000
0.000000
0.000000
0.000000
0.000000
0.000000
0.000000
0.000000
0.000000
0.000000
0.000000
0.000000
0.000000
0.000000
0.000000
0.000000
0.000000
0.000000
0.000000
0.000000
0.000000
0.000000
0.000000
0.000000
0.000000
0.000000
0.000000
0.000000
0.000000
0.000000
0.000000
0.000000
0.000000
0.000000
0.000000
0.000000
0.000000
0.000000
0.000000
0.000000
0.000000
0.000000
0.000000
0.000000
0.000000
0.000000
0.000000
0.000000
0.000000
0.000000
0.000000
0.000000
0.000000
0.000000
0.000000
0.000000
0.000000
0.000000
0.000000
0.000000
0.000000
0.000000
0.000000
0.000000
0.000000
0.000000
0.000000
0.000000
0.000000
0.000000
0.000000
0.000000
0.000000
0.000000
0.000000
0.000000
0.000000
0.000000
0.000000
0.000000
0.000000
0.000000
0.000000
0.000000
0.000000
0.000000
0.000000
0.000000
0.000000
0.000000
0.000000
0.000000
0.000000
0.000000
0.000000
0.000000
0.000000
0.000000
0.000000
0.000000
0.000000
0.000000
0.000000
0.000000
0.000000
0.000000
0.000000
0.000000
0.000000
0.000000
0.000000
0.000000
0.000000
0.000000
0.000000
0.000000
0.000000
0.000000
0.000000
0.000000
0.000000
0.000000
0.000000
0.000000
0.000000
0.000000
0.000000
0.000000
0.000000
0.000000
0.000000
0.000000
0.000000
0.000000
0.000000
0.000000
0.000000
0.000000
0.000000
0.000000
0.000000
0.000000
0.000000
0.000000
0.000000
0.000000
0.000000
0.000000
0.000000
0.000000
0.000000
0.000000
0.000000
0.000000
0.000000
0.000000
0.000000
0.000000
0.000000
0.000000
0.000000
0.000000
0.000000
0.000000
0.000000
0.000000
0.000000
0.000000
0.000000
0.000000
0.000000
0.000000
0.000000
0.000000
0.000000
0.000000
0.000000
0.000000
0.000000
0.000000
0.000000
0.000000
0.000000
0.000000
0.000000
0.000000
0.000000
0.000000
0.000000
0.000000
0.000000
0.000000
0.000000
0.000000
0.000000
0.000000
0.000000
0.000000
0.000000
0.000000
0.000000
0.000000
0.000000
0.000000
0.000000
0.000000
0.000000
0.000000
0.000000
0.000000
0.000000
0.000000
0.000000
0.000000
0.000000
0.000000
0.000000
0.000000
0.000000
0.000000
0.000000
0.000000
0.000000
0.000000
0.000000
0.000000
0.000000
0.000000
0.000000
0.000000
0.000000
0.000000
0.000000
0.000000
0.000000
0.000000
0.000000
0.000000
0.000000
0.000000
0.000000
0.000000
0.000000
0.000000
0.000000
0.000000
0.000000
0.000000
0.000000
0.000000
0.000000
0.000000
0.000000
0.000000
0.000000
0.000000
0.000000
0.000000
0.000000
0.000000
0.000000
0.000000
0.000000
0.000000
0.000000
0.000000
0.000000
0.000000
0.000000
0.000000
0.000000
0.000000
0.000000
0.000000
0.000000
0.000000
0.000000
0.000000
0.000000
0.000000
0.000000
0.000000
0.000000
0.000000
0.000000
0.000000
0.000000
0.000000
0.000000
0.000000
0.000000
0.000000
0.000000
0.000000
0.000000
0.000000
0.000000
0.000000
0.000000
0.000000
0.000000
0.000000
0.000000
0.000000
0.000000
0.000000
0.000000
0.000000
0.000000
0.000000
0.000000
0.000000
0.000000
0.000000
0.000000
0.000000
0.000000
0.000000
0.000000
0.000000
0.000000
0.000000
0.000000
0.000000
0.000000
0.000000
0.000000
0.000000
0.000000
0.000000
0.000000
0.000000
0.000000
0.000000
0.000000
0.000000
0.000000
0.000000
0.000000
0.000000
0.000000
0.000000
0.000000
0.000000
0.000000
0.000000
0.000000
0.000000
0.000000
0.000000
0.000000
0.000000
0.000000
0.000000
0.000000
0.000000
0.000000
0.000000
0.000000
0.000000
0.000000
0.000000
0.000000
0.000000
0.000000
0.000000
0.000000
0.000000
0.000000
0.000000
0.000000
0.000000
0.000000
0.000000
0.000000
0.000000
0.000000
0.000000
0.000000
0.000000
0.000000
0.000000
0.000000
0.000000
0.000000
0.000000
0.000000
0.000000
0.000000
0.000000
0.000000
0.000000
0.000000
0.000000
0.000000
0.000000
0.000000
0.000000
0.000000
0.000000
0.000000
0.000000
0.000000
0.000000
0.000000
0.000000
0.000000
0.000000
0.000000
0.000000
0.000000
0.000000
0.000000
0.000000
0.000000
0.000000
0.000000
0.000000
0.000000
0.000000
0.000000
0.000000
0.000000
0.000000
0.000000
0.000000
0.000000
0.000000
0.000000
0.000000
0.000000
0.000000
0.000000
0.000000
0.000000
0.000000
0.000000
0.000000
0.000000
0.000000
0.000000
0.000000
0.000000
0.000000
0.000000
0.000000
0.000000
0.000000
0.000000
0.000000
0.000000
0.000000
0.000000
0.000000
0.000000
0.000000
0.000000
0.000000
0.000000
0.000000
0.000000
0.000000
0.000000
0.000000
0.000000
0.000000
0.000000
0.000000
0.000000
0.000000
0.000000
0.000000
0.000000
0.000000
0.000000
0.000000
0.000000
0.000000
0.000000
0.000000
0.000000
0.000000
0.000000
0.000000
0.000000
0.000000
0.000000
0.000000
0.000000
0.000000
0.000000
0.000000
0.000000
0.000000
0.000000
0.000000
0.000000
0.000000
0.000000
0.000000
0.000000
0.000000
0.000000
0.000000
0.000000
0.000000
0.000000
0.000000
0.000000
0.000000
0.000000
0.000000
0.000000
0.000000
0.000000
0.000000
0.000000
0.000000
0.000000
0.000000
0.000000
0.000000
0.000000
0.000000
0.000000
0.000000
0.000000
0.000000
0.000000
0.000000
0.000000
0.000000
0.000000
0.000000
0.000000
0.000000
0.000000
0.000000
0.000000
0.000000
0.000000
0.000000
0.000000
0.000000
0.000000
0.000000
0.000000
0.000000
0.000000
0.000000
0.000000
0.000000
0.000000
0.000000
0.000000
0.000000
0.000000
0.000000
0.000000
0.000000
0.000000
0.000000
0.000000
0.000000
0.000000
0.000000
0.000000
0.000000
0.000000
0.000000
0.000000
0.000000
0.000000
0.000000
0.000000
0.000000
0.000000
0.000000
0.000000
0.000000
0.000000
0.000000
0.000000
0.000000
0.000000
0.000000
0.000000
0.000000
0.000000
0.000000
0.000000
0.000000
0.000000
0.000000
0.000000
0.000000
0.000000
0.000000
0.000000
0.000000
0.000000
0.000000
0.000000
0.000000
0.000000
0.000000
0.000000
0.000000
0.000000
0.000000
0.000000
0.000000
0.000000
0.000000
0.000000
0.000000
0.000000
0.000000
0.000000
0.000000
0.000000
0.000000
0.000000
0.000000
0.000000
0.000000
0.000000
0.000000
0.000000
0.000000
0.000000
0.000000
0.000000
0.000000
0.000000
0.000000
0.000000
0.000000
0.000000
0.000000
0.000000
0.000000
0.000000
0.000000
0.000000
0.000000
0.000000
0.000000
0.000000
0.000000
0.000000
0.000000
0.000000
0.000000
0.000000
0.000000
0.000000
0.000000
0.000000
0.000000
0.000000
0.000000
0.000000
0.000000
0.000000
0.000000
0.000000
0.000000
0.000000
0.000000
0.000000
0.000000
0.000000
0.000000
0.000000
0.000000
0.000000
0.000000
0.000000
0.000000
0.000000
0.000000
0.000000
0.000000
0.000000
0.000000
0.000000
0.000000
0.000000
0.000000
0.000000
0.000000
0.000000
0.000000
0.000000
0.000000
0.000000
0.000000
0.000000
0.000000
0.000000
0.000000
0.000000
0.000000
0.000000
0.000000
0.000000
0.000000
0.000000
0.000000
0.000000
0.000000
0.000000
0.000000
0.000000
0.000000
0.000000
0.000000
0.000000
0.000000
0.000000
0.000000
0.000000
0.000000
0.000000
0.000000
0.000000
0.000000
0.000000
0.000000
0.000000
0.000000
0.000000
0.000000
0.000000
0.000000
0.000000
0.000000
0.000000
0.000000
0.000000
0.000000
0.000000
0.000000
0.000000
0.000000
0.000000
0.000000
0.000000
0.000000
0.000000
0.000000
0.000000
0.000000
0.000000
0.000000
0.000000
0.000000
0.000000
0.000000
0.000000
0.000000
0.000000
0.000000
0.000000
0.000000
0.000000
0.000000
0.000000
0.000000
0.000000
0.000000
0.000000
0.000000
0.000000
0.000000
0.000000
0.000000
0.000000
0.000000
0.000000
0.000000
0.000000
0.000000
0.000000
0.000000
0.000000
0.000000
0.000000
0.000000
0.000000
0.000000
0.000000
0.000000
0.000000
0.000000
0.000000
0.000000
0.000000
0.000000
0.000000
0.000000
0.000000
0.000000
0.000000
0.000000
0.000000
0.000000
0.000000
0.000000
0.000000
0.000000
0.000000
0.000000
0.000000
0.000000
0.000000
0.000000
0.000000
0.000000
0.000000
0.000000
0.000000
0.000000
0.000000
0.000000
0.000000
0.000000
0.000000
0.000000
0.000000
0.000000
0.000000
0.000000
0.000000
0.000000
0.000000
0.000000
0.000000
0.000000
0.000000
0.000000
0.000000
0.000000
0.000000
0.000000
0.000000
0.000000
0.000000
0.000000
0.000000
0.000000
0.000000
0.000000
0.000000
0.000000
0.000000
0.000000
0.000000
0.000000
0.000000
0.000000
0.000000
0.000000
0.000000
0.000000
0.000000
0.000000
0.000000
0.000000
0.000000
0.000000
0.000000
0.000000
0.000000
0.000000
0.000000
0.000000
0.000000
0.000000
0.000000
0.000000
0.000000
0.000000
0.000000
0.000000
0.000000
0.000000
0.000000
0.000000
0.000000
0.000000
0.000000
0.000000
0.000000
0.000000
0.000000
0.000000
0.000000
0.000000
0.000000
0.000000
0.000000
0.000000
0.000000
0.000000
0.000000
0.000000
0.000000
0.000000
0.000000
0.000000
0.000000
0.000000
0.000000
0.000000
0.000000
0.000000
0.000000
0.000000
0.000000
0.000000
0.000000
0.000000
0.000000
0.000000
0.000000
0.000000
0.000000
0.000000
0.000000
0.000000
0.000000
0.000000
0.000000
0.000000
0.000000
0.000000
0.000000
0.000000
0.000000
0.000000
0.000000
0.000000
0.000000
0.000000
0.000000
0.000000
0.000000
0.000000
0.000000
0.000000
0.000000
0.000000
0.000000
0.000000
0.000000
0.000000
0.000000
0.000000
0.000000
0.000000
0.000000
0.000000
0.000000
0.000000
0.000000
0.000000
0.000000
0.000000
0.000000
0.000000
0.000000
0.000000
0.000000
0.000000
0.000000
0.000000
0.000000
0.000000
0.000000
0.000000
0.000000
0.000000
0.000000
0.000000
0.000000
0.000000
0.000000
0.000000
0.000000
0.000000
0.000000
0.000000
0.000000
0.000000
0.000000
0.000000
0.000000
0.000000
0.000000
0.000000
0.000000
0.000000
0.000000
0.000000
0.000000
0.000000
0.000000
0.000000
0.000000
0.000000
0.000000
0.000000
0.000000
0.000000
0.000000
0.000000
0.000000
0.000000
0.000000
0.000000
0.000000
0.000000
0.000000
0.000000
0.000000
0.000000
0.000000
0.000000
0.000000
0.000000
0.000000
0.000000
0.000000
0.000000
0.000000
0.000000
0.000000
0.000000
0.000000
0.000000
0.000000
0.000000
0.000000
0.000000
0.000000
0.000000
0.000000
0.000000
0.000000
0.000000
0.000000
0.000000
0.000000
0.000000
0.000000
0.000000
0.000000
0.000000
0.000000
0.000000
0.000000
0.000000
0.000000
0.000000
0.000000
0.000000
0.000000
0.000000
0.000000
0.000000
0.000000
0.000000
0.000000
0.000000
0.000000
0.000000
0.000000
0.000000
0.000000
0.000000
0.000000
0.000000
0.000000
0.000000
0.000000
0.000000
0.000000
0.000000
0.000000
0.000000
0.000000
0.000000
0.000000
0.000000
0.000000
0.000000
0.000000
0.000000
0.000000
0.000000
0.000000
0.000000
0.000000
0.000000
0.000000
0.000000
0.000000
0.000000
0.000000
0.000000
0.000000
0.000000
0.000000
0.000000
0.000000
0.000000
0.000000
0.000000
0.000000
0.000000
0.000000
0.000000
0.000000
0.000000
0.000000
0.000000
0.000000
0.000000
0.000000
0.000000
0.000000
0.000000
0.000000
0.000000
0.000000
0.000000
0.000000
0.000000
0.000000
0.000000
0.000000
0.000000
0.000000
0.000000
0.000000
0.000000
0.000000
0.000000
0.000000
0.000000
0.000000
0.000000
0.000000
0.000000
0.000000
0.000000
0.000000
0.000000
0.000000
0.000000
0.000000
0.000000
0.000000
0.000000
0.000000
0.000000
0.000000
0.000000
0.000000
0.000000
0.000000
0.000000
0.000000
0.000000
0.000000
0.000000
0.000000
0.000000
0.000000
0.000000
0.000000
0.000000
0.000000
0.000000
0.000000
0.000000
0.000000
0.000000
0.000000
0.000000
0.000000
0.000000
0.000000
0.000000
0.000000
0.000000
0.000000
0.000000
0.000000
0.000000
0.000000
0.000000
0.000000
0.000000
0.000000
0.000000
0.000000
0.000000
0.000000
0.000000
0.000000
0.000000
0.000000
0.000000
0.000000
0.000000
0.000000
0.000000
0.000000
0.000000
0.000000
0.000000
0.000000
0.000000
0.000000
0.000000
0.000000
0.000000
0.000000
0.000000
0.000000
0.000000
0.000000
0.000000
0.000000
0.000000
0.000000
0.000000
0.000000
0.000000
0.000000
0.000000
0.000000
0.000000
0.000000
0.000000
0.000000
0.000000
0.000000
0.000000
0.000000
0.000000
0.000000
0.000000
0.000000
0.000000
0.000000
0.000000
0.000000
0.000000
0.000000
0.000000
0.000000
0.000000
0.000000
0.000000
0.000000
0.000000
0.000000
0.000000
0.000000
0.000000
0.000000
0.000000
0.000000
0.000000
0.000000
0.000000
0.000000
0.000000
0.000000
0.000000
0.000000
0.000000
0.000000
0.000000
0.000000
0.000000
0.000000
0.000000
0.000000
0.000000
0.000000
0.000000
0.000000
0.000000
0.000000
0.000000
0.000000
0.000000
0.000000
0.000000
0.000000
0.000000
0.000000
0.000000
0.000000
0.000000
0.000000
0.000000
0.000000
0.000000
0.000000
0.000000
0.000000
0.000000
0.000000
0.000000
0.000000
0.000000
0.000000
0.000000
0.000000
0.000000
0.000000
0.000000
0.000000
0.000000
0.000000
0.000000
0.000000
0.000000
0.000000
0.000000
0.000000
0.000000
0.000000
0.000000
0.000000
0.000000
0.000000
0.000000
0.000000
0.000000
0.000000
0.000000
0.000000
0.000000
0.000000
0.000000
0.000000
0.000000
0.000000
0.000000
0.000000
0.000000
0.000000
0.000000
0.000000
0.000000
0.000000
0.000000
0.000000
0.000000
0.000000
0.000000
0.000000
0.000000
0.000000
0.000000
0.000000
0.000000
0.000000
0.000000
0.000000
0.000000
0.000000
0.000000
0.000000
0.000000
0.000000
0.000000
0.000000
0.000000
0.000000
0.000000
0.000000
0.000000
0.000000
0.000000
0.000000
0.000000
0.000000
0.000000
0.000000
0.000000
0.000000
0.000000
0.000000
0.000000
0.000000
0.000000
0.000000
0.000000
0.000000
0.000000
0.000000
0.000000
0.000000
0.000000
0.000000
0.000000
0.000000
0.000000
0.000000
0.000000
0.000000
0.000000
0.000000
0.000000
0.000000
0.000000
0.000000
0.000000
0.000000
0.000000
0.000000
0.000000
0.000000
0.000000
0.000000
0.000000
0.000000
0.000000
0.000000
0.000000
0.000000
0.000000
0.000000
0.000000
0.000000
0.000000
0.000000
0.000000
0.000000
0.000000
0.000000
0.000000
0.000000
0.000000
0.000000
0.000000
0.000000
0.000000
0.000000
0.000000
0.000000
0.000000
0.000000
0.000000
0.000000
0.000000
0.000000
0.000000
0.000000
0.000000
0.000000
0.000000
0.000000
0.000000
0.000000
0.000000
0.000000
0.000000
0.000000
0.000000
0.000000
0.000000
0.000000
0.000000
0.000000
0.000000
0.000000
0.000000
0.000000
0.000000
0.000000
0.000000
0.000000
0.000000
0.000000
0.000000
0.000000
0.000000
0.000000
0.000000
0.000000
0.000000
0.000000
0.000000
0.000000
0.000000
0.000000
0.000000
0.000000
0.000000
0.000000
0.000000
0.000000
0.000000
0.000000
0.000000
0.000000
0.000000
0.000000
0.000000
0.000000
0.000000
0.000000
0.000000
0.000000
0.000000
0.000000
0.000000
0.000000
0.000000
0.000000
0.000000
0.000000
0.000000
0.000000
0.000000
0.000000
0.000000
0.000000
0.000000
0.000000
0.000000
0.000000
0.000000
0.000000
0.000000
0.000000
0.000000
0.000000
0.000000
0.000000
0.000000
0.000000
0.000000
0.000000
0.000000
0.000000
0.000000
0.000000
0.000000
0.000000
0.000000
0.000000
0.000000
0.000000
0.000000
0.000000
0.000000
0.000000
0.000000
0.000000
0.000000
0.000000
0.000000
0.000000
0.000000
0.000000
0.000000
0.000000
0.000000
0.000000
0.000000
0.000000
0.000000
0.000000
0.000000
0.000000
0.000000
0.000000
0.000000
0.000000
0.000000
0.000000
0.000000
0.000000
0.000000
0.000000
0.000000
0.000000
0.000000
0.000000
0.000000
0.000000
0.000000
0.000000
0.000000
0.000000
0.000000
0.000000
0.000000
0.000000
0.000000
0.000000
0.000000
0.000000
0.000000
0.000000
0.000000
0.000000
0.000000
0.000000
0.000000
0.000000
0.000000
0.000000
0.000000
0.000000
0.000000
0.000000
0.000000
0.000000
0.000000
0.000000
0.000000
0.000000
0.000000
0.000000
0.000000
0.000000
0.000000
0.000000
0.000000
0.000000
0.000000
0.000000
0.000000
0.000000
0.000000
0.000000
0.000000
0.000000
0.000000
0.000000
0.000000
0.000000
0.000000
0.000000
0.000000
0.000000
0.000000
0.000000
0.000000
0.000000
0.000000
0.000000
0.000000
0.000000
0.000000
0.000000
0.000000
0.000000
0.000000
0.000000
0.000000
0.000000
0.000000
0.000000
0.000000
0.000000
0.000000
0.000000
0.000000
0.000000
0.000000
0.000000
0.000000
0.000000
0.000000
0.000000
0.000000
0.000000
0.000000
0.000000
0.000000
0.000000
0.000000
0.000000
0.000000
0.000000
0.000000
0.000000
0.000000
0.000000
0.000000
0.000000
0.000000
0.000000
0.000000
0.000000
0.000000
0.000000
0.000000
0.000000
0.000000
0.000000
0.000000
0.000000
0.000000
0.000000
0.000000
0.000000
0.000000
0.000000
0.000000
0.000000
0.000000
0.000000
0.000000
0.000000
0.000000
0.000000
0.000000
0.000000
0.000000
0.000000
0.000000
0.000000
0.000000
0.000000
0.000000
0.000000
0.000000
0.000000
0.000000
0.000000
0.000000
0.000000
0.000000
0.000000
0.000000
0.000000
0.000000
0.000000
0.000000
0.000000
0.000000
0.000000
0.000000
0.000000
0.000000
0.000000
0.000000
0.000000
0.000000
0.000000
0.000000
0.000000
0.000000
0.000000
0.000000
0.000000
0.000000
0.000000
0.000000
0.000000
0.000000
0.000000
0.000000
0.000000
0.000000
0.000000
0.000000
0.000000
0.000000
0.000000
0.000000
0.000000
0.000000
0.000000
0.000000
0.000000
0.000000
0.000000
0.000000
0.000000
0.000000
0.000000
0.000000
0.000000
0.000000
0.000000
0.000000
0.000000
0.000000
0.000000
0.000000
0.000000
0.000000
0.000000
0.000000
0.000000
0.000000
0.000000
0.000000
0.000000
0.000000
0.000000
0.000000
0.000000
0.000000
0.000000
0.000000
0.000000
0.000000
0.000000
0.000000
0.000000
0.000000
0.000000
0.000000
0.000000
0.000000
0.000000
