0.005971
-0.012034
-0.026133
-0.023419
-0.006467
0.014112
0.028756
0.023742
0.006429
-0.008060
-0.015192
-0.023044
-0.033611
-0.045232
-0.045530
-0.044857
-0.049655
-0.052463
-0.052538
-0.045352
-0.043492
-0.049419
-0.057165
-0.062644
-0.058455
-0.049122
-0.036832
-0.030179
-0.024243
-0.017172
-0.013786
-0.001813
0.008696
0.017090
0.026165
0.036279
0.042050
0.034245
0.014125
-0.005569
-0.014157
-0.020668
-0.025957
-0.027097
-0.016093
0.006388
0.025729
0.033581
0.033244
0.022951
0.002479
-0.019213
-0.034008
-0.037499
-0.035237
-0.034684
-0.033202
-0.026586
-0.013271
0.002290
0.010017
0.014746
0.018264
0.020903
0.027443
0.034155
0.035939
0.031037
0.019772
0.011919
0.006673
0.000084
-0.008061
-0.021570
-0.033114
-0.039479
-0.040633
-0.037006
-0.022233
-0.004079
0.007328
0.014834
0.018677
0.019069
0.015939
0.010632
0.005062
0.001410
-0.003928
-0.011869
-0.019743
-0.019927
-0.013564
-0.008898
-0.006341
-0.004855
-0.002220
-0.001986
-0.006868
-0.014533
-0.022654
-0.029262
-0.035563
-0.040994
-0.039378
-0.029819
-0.018096
-0.011764
-0.008585
-0.003236
-0.002124
-0.006326
-0.010206
-0.010775
-0.011207
-0.015387
-0.018101
-0.013236
-0.007783
-0.001535
0.009729
0.021441
0.028616
0.031635
0.036548
0.042877
0.046952
0.047731
0.050995
0.053035
0.045716
0.037757
0.032799
0.024449
0.012888
0.000332
-0.011548
-0.024541
-0.036484
-0.046964
-0.057482
-0.069225
-0.084847
-0.103046
-0.131621
-0.183330
-0.249928
-0.301348
-0.289729
-0.164687
0.039348
0.280346
0.623897
0.926073
0.962110
0.643650
0.053240
-0.404947
-0.597445
-0.618932
-0.466946
-0.254277
-0.103263
-0.011069
0.077984
0.147142
0.153790
0.098958
0.008229
-0.091729
-0.171551
-0.205313
-0.185369
-0.125325
-0.045273
0.036859
0.104582
0.153189
0.177450
0.176112
0.153496
0.116730
0.075454
0.035909
0.007846
-0.011529
-0.027703
-0.034210
-0.031149
-0.025487
-0.013869
0.000601
0.011908
0.021637
0.029817
0.040717
0.050239
0.056713
0.058289
0.052129
0.043962
0.033910
0.023966
0.012137
-0.002658
-0.017566
-0.034203
-0.046971
-0.051313
-0.054091
-0.058447
-0.059024
-0.055313
-0.051210
-0.052343
-0.058218
-0.065641
-0.072904
-0.074821
-0.067231
-0.054000
-0.038839
-0.021023
-0.001010
0.019298
0.032510
0.041457
0.046703
0.044817
0.040619
0.036329
0.034082
0.027393
0.012318
0.001447
0.001783
0.009386
0.018516
0.023455
0.016281
0.002795
-0.003580
-0.000065
0.007179
0.014164
0.021971
0.027623
0.031632
0.032189
0.025845
0.012514
-0.004052
-0.017724
-0.026876
-0.033976
-0.041171
-0.042691
-0.041283
-0.044689
-0.048463
-0.049278
-0.044560
-0.035269
-0.026926
-0.018890
-0.013035
-0.010861
-0.009917
-0.008208
-0.004375
-0.001517
-0.001291
-0.003549
-0.005560
-0.006226
-0.004684
0.002405
0.018089
0.037399
0.053088
0.060773
0.063649
0.066351
0.057286
0.036752
0.010201
-0.020187
-0.044709
-0.063128
-0.078210
-0.082351
-0.073405
-0.057568
-0.046334
-0.040004
-0.042492
-0.056666
-0.049350
-0.016549
0.005730
0.020271
0.029245
0.000530
-0.056093
-0.099115
-0.060754
0.085499
0.233890
0.267151
0.208041
0.124955
0.034843
-0.033054
-0.062616
-0.057602
-0.036756
-0.016375
0.002715
0.011906
0.016917
0.030260
0.043940
0.044072
0.048636
0.053769
0.040219
0.031353
0.022585
0.005611
-0.003409
-0.016843
-0.033464
-0.040526
-0.046718
-0.048740
-0.043748
-0.038492
-0.024099
-0.009433
-0.005366
0.001198
0.001243
-0.001391
-0.012003
-0.024333
-0.008519
-0.007860
-0.016122
-0.008088
-0.006811
-0.002868
0.000664
-0.005660
-0.013286
-0.016063
-0.019373
-0.023687
-0.024338
-0.023883
-0.019720
-0.014886
-0.011246
-0.005634
-0.003343
0.003633
0.004580
0.000508
0.007561
0.010986
0.013176
0.019103
0.025304
0.028513
0.027326
0.024593
0.020855
0.017819
0.015050
0.010311
0.002657
-0.004657
-0.010090
-0.014925
-0.019153
-0.022882
-0.024093
-0.023359
-0.020826
-0.017329
-0.013551
-0.005530
0.002697
0.005031
0.002096
-0.002007
-0.007830
-0.010622
-0.008816
-0.015634
-0.026202
-0.029049
-0.026417
-0.018033
-0.005700
0.005131
0.013622
0.021014
0.029406
0.036139
0.037400
0.033216
0.027375
0.020753
0.011892
0.006737
0.007247
0.012335
0.018525
0.018279
0.012256
0.003974
-0.004934
-0.010087
-0.011109
-0.012973
-0.018944
-0.025880
-0.028020
-0.026376
-0.025923
-0.027065
-0.026175
-0.023350
-0.020828
-0.016334
-0.012363
-0.012409
-0.007466
0.001612
0.006390
0.004355
0.000219
0.001791
-0.002419
-0.009543
-0.005942
0.001704
0.006944
0.011946
0.017474
0.018238
0.013612
0.003388
-0.005632
-0.006165
-0.002089
0.002155
-0.000025
-0.003868
-0.003581
-0.001242
0.003850
0.009183
0.013521
0.016633
0.017400
0.015476
0.013829
0.010103
0.002066
-0.004421
-0.008050
-0.011052
-0.011575
-0.008611
-0.008851
-0.008666
-0.005906
-0.005844
-0.002369
-0.001943
-0.005714
-0.009147
-0.011118
-0.005150
0.002458
0.009216
0.014845
0.018831
0.022606
0.024532
0.021524
0.019548
0.022745
0.025701
0.025313
0.024417
0.025127
0.020020
0.013008
0.008523
0.004062
-0.002418
-0.013338
-0.022613
-0.023880
-0.022797
-0.027809
-0.037860
-0.046667
-0.049772
-0.045267
-0.037058
-0.030351
-0.024349
-0.019363
-0.014658
-0.007989
-0.005015
-0.009660
-0.013132
-0.007932
0.000502
0.001927
-0.000698
-0.001460
-0.000836
0.005032
0.014481
0.021217
0.020527
0.016690
0.014139
0.013641
0.016523
0.015006
0.011042
0.006686
-0.001036
-0.005127
0.000324
0.010264
0.019718
0.025166
0.023372
0.017417
0.012549
0.011525
0.008077
0.005810
0.007656
0.017419
0.041416
0.066777
0.092300
0.133009
0.195816
0.278123
0.346708
0.369768
0.409338
0.444141
0.426160
0.405793
0.508007
0.217229
-0.613829
-0.981372
-0.983559
-0.972435
-0.992773
-0.665746
0.109758
0.598143
0.527618
0.135724
0.059502
0.082675
0.108341
0.124119
0.069696
0.200069
0.468482
0.743155
0.764769
0.620251
0.468711
0.256590
-0.057989
-0.382249
-0.556718
-0.592577
-0.409662
-0.089018
0.129244
0.302926
0.429059
0.453421
0.417815
0.336539
0.186084
0.006002
-0.112571
-0.180669
-0.254882
-0.361416
-0.484411
-0.563322
-0.527727
-0.364187
-0.140237
0.065509
0.200189
0.251786
0.240482
0.189135
0.127633
0.088510
0.079070
0.085340
0.095936
0.099354
0.078331
0.028175
-0.035012
-0.092726
-0.132805
-0.145179
-0.132423
-0.099658
-0.050536
-0.003262
0.028906
0.043964
0.042037
0.036362
0.032640
0.027189
0.020105
0.013918
0.011012
0.011024
0.005483
-0.013903
-0.029683
-0.036881
-0.044205
-0.050589
-0.063055
-0.080198
-0.085395
-0.074977
-0.060318
-0.039154
-0.014349
0.001598
0.007369
0.004659
-0.003375
-0.012319
-0.031630
-0.059620
-0.037608
0.033066
0.067804
0.073362
0.088719
0.087127
0.057938
0.032137
0.023228
0.026174
0.035287
0.040946
0.042490
0.039911
0.039825
0.044753
0.046324
0.039312
0.027753
0.022552
0.025326
0.025820
0.021362
0.021316
0.031562
0.043009
0.034545
0.011914
-0.004138
-0.009049
-0.012999
-0.028624
-0.049394
-0.057853
-0.048531
-0.030647
-0.015880
-0.018584
-0.032323
-0.031432
-0.017027
-0.006527
-0.003659
-0.006009
-0.010524
-0.017902
-0.032441
-0.046412
-0.044377
-0.031439
-0.016203
-0.002105
0.005090
0.011758
0.016658
0.018978
0.026147
0.037570
0.037792
0.036549
0.046274
0.047687
0.041372
0.027322
0.012875
0.010570
0.012322
0.005694
-0.001940
-0.000380
-0.001122
-0.001745
-0.000478
-0.004331
0.000960
0.012829
0.010468
0.003014
0.003877
0.011209
0.011947
-0.005323
-0.024243
-0.034398
-0.051022
-0.066249
-0.063435
-0.046270
-0.024463
0.003060
0.029057
0.040239
0.032038
0.012492
-0.001000
-0.008295
-0.009401
-0.009995
-0.009489
-0.005821
0.000833
0.010973
0.013195
0.013201
0.010994
0.001225
-0.009343
-0.016570
-0.021285
-0.023188
-0.025692
-0.033484
-0.044282
-0.051613
-0.053519
-0.053304
-0.046403
-0.037096
-0.025925
-0.010692
-0.003679
-0.011831
-0.019546
-0.020782
-0.025504
-0.024449
-0.019296
-0.019566
-0.018873
-0.012831
-0.003914
-0.000328
-0.007158
-0.009535
-0.003656
-0.003724
-0.003650
-0.002094
-0.004335
-0.003717
-0.003519
-0.005373
-0.007684
-0.007047
0.000265
-0.001859
-0.014242
-0.014673
0.001284
0.011482
0.006973
0.008213
0.007683
0.002191
0.006857
0.007063
0.004835
0.008449
0.007359
0.004771
-0.000990
-0.008635
-0.016442
-0.027062
-0.028140
-0.033777
-0.052600
-0.082502
-0.146236
-0.239611
-0.349985
-0.418013
-0.327740
-0.057047
0.192562
0.524415
0.901849
0.977317
0.968208
0.656426
-0.004042
-0.452810
-0.641610
-0.614155
-0.438510
-0.255937
-0.119638
-0.027671
0.014711
-0.015885
-0.101613
-0.208197
-0.285220
-0.330851
-0.325943
-0.233883
-0.103146
0.007712
0.098137
0.178219
0.230312
0.249417
0.240036
0.213890
0.199377
0.192487
0.173582
0.144346
0.106747
0.079114
0.062330
0.060659
0.045864
0.009249
-0.006752
-0.022778
-0.031111
-0.029835
-0.029275
-0.025887
-0.027269
-0.028278
-0.027936
-0.027882
-0.027821
-0.027305
-0.027838
-0.027859
-0.027949
-0.027716
-0.028113
-0.027463
-0.028275
-0.027410
-0.029221
-0.040554
-0.053652
-0.075445
-0.097002
-0.112952
-0.118476
-0.113627
-0.103244
-0.071643
-0.036998
-0.019296
-0.008268
0.000175
0.010864
0.028780
0.044903
0.051473
0.046192
0.038711
0.039536
0.039409
0.036385
0.041153
0.053829
0.070174
0.082965
0.082235
0.069648
0.061509
0.059363
0.051587
0.037918
0.027981
0.025766
0.018368
0.010171
0.003554
-0.004095
-0.006337
-0.017358
-0.033768
-0.043190
-0.043237
-0.044424
-0.051126
-0.043171
-0.038810
-0.040380
-0.040925
-0.052720
-0.042772
-0.041666
-0.058642
-0.050261
-0.039512
-0.033582
-0.029264
-0.015043
0.007250
0.010063
0.013235
0.043414
0.074249
0.084298
0.078748
0.064486
0.045783
0.039835
0.053541
0.067243
0.071016
0.060467
0.037295
0.011474
-0.005361
-0.018338
-0.035007
-0.044945
-0.044231
-0.039019
-0.041350
-0.047282
-0.044703
-0.042226
-0.041894
-0.033345
-0.021540
-0.024151
-0.037720
-0.050095
-0.060242
-0.060481
-0.055990
-0.056740
-0.051753
-0.046799
-0.039994
-0.021301
0.005112
0.035295
0.047063
0.042537
0.043193
0.048367
0.040683
0.019601
0.007374
0.010723
0.021643
0.023549
0.018337
0.023441
0.031324
0.034084
0.038856
0.038481
0.036361
0.038894
0.039287
0.037932
0.039329
0.037954
0.028628
0.027827
0.025727
0.013598
-0.000718
-0.010762
-0.021948
-0.040486
-0.049827
-0.051809
-0.051419
-0.046693
-0.044559
-0.048772
-0.048364
-0.028597
-0.014538
-0.027969
-0.036211
-0.029793
-0.021595
-0.020093
-0.023919
-0.020649
-0.015132
-0.018222
-0.027941
-0.028125
-0.021773
-0.015940
-0.010373
-0.005387
0.004755
0.004852
-0.000352
0.007531
0.010493
0.007304
0.010560
0.012654
0.013636
0.015065
0.010586
-0.000473
-0.011357
-0.011430
0.001539
0.009843
0.002436
-0.001372
0.005607
0.006235
-0.000136
-0.003290
-0.003379
0.004936
0.021682
0.033400
0.037030
0.031951
0.021049
0.016998
0.013663
0.007887
0.008132
0.006175
0.001042
0.000952
0.006008
0.003907
-0.003769
-0.003272
0.008558
0.019212
0.021060
0.024513
0.023616
0.016530
0.010947
0.005940
0.003399
0.009402
0.012433
0.005879
0.004791
-0.000221
-0.009254
-0.011047
-0.011375
-0.008916
-0.003594
-0.002228
-0.014331
-0.030194
-0.036923
-0.039850
-0.036369
-0.030467
-0.023460
-0.016324
-0.016890
-0.010903
0.003124
0.012515
0.010201
0.004472
0.005543
0.005003
0.005053
0.015034
0.021508
0.013838
0.004230
-0.005938
-0.009541
-0.008628
-0.008261
0.001175
0.015596
0.023407
0.026349
0.034840
0.038122
0.037608
0.037122
0.024939
0.002603
-0.011675
-0.014300
-0.017470
-0.028004
-0.044496
-0.054348
-0.058974
-0.053207
-0.028530
-0.009141
-0.010679
-0.007005
0.007746
0.009099
0.005438
0.006179
0.009280
0.019679
0.032986
0.036837
0.031125
0.029433
0.032542
0.036204
0.025069
-0.002279
-0.012865
-0.003537
0.005848
0.004929
-0.002815
-0.001956
0.002664
0.004595
0.009281
0.006904
-0.008664
-0.021460
-0.033533
-0.030325
-0.014068
-0.025521
-0.031157
-0.025659
-0.031014
-0.030829
-0.039393
-0.048172
-0.034744
-0.011007
-0.000643
-0.006644
-0.001345
0.019215
0.029753
0.020130
0.014324
0.026545
0.031432
0.022818
0.014312
0.010776
0.009781
0.011720
0.018282
0.018733
0.006503
0.002998
0.007293
-0.012853
-0.043438
-0.052372
-0.038465
-0.038313
-0.035975
-0.023938
-0.031084
-0.032570
-0.031045
-0.030552
-0.031259
-0.047545
-0.082606
-0.110316
-0.105778
-0.084009
-0.054630
0.009291
0.108686
0.195224
0.282537
0.386961
0.473562
0.538451
0.551483
0.655911
0.759350
0.700795
0.131599
-0.754373
-0.994204
-0.967836
-0.990771
-0.971992
-0.982772
-0.729731
-0.229198
0.286277
0.679165
0.883997
0.880674
0.701649
0.477938
0.401308
0.503268
0.689060
0.861770
0.957431
0.925812
0.725963
0.321182
-0.159280
-0.515964
-0.684741
-0.670489
-0.504977
-0.243072
0.045901
0.334495
0.583434
0.684317
0.565023
0.322650
0.103616
-0.060517
-0.179574
-0.313687
-0.502592
-0.692909
-0.773478
-0.686810
-0.483166
-0.217415
0.017761
0.155290
0.207650
0.202214
0.172062
0.120460
0.042045
-0.040119
-0.110299
-0.181791
-0.240140
-0.263698
-0.257794
-0.237794
-0.208426
-0.161028
-0.100399
-0.033284
0.035936
0.093739
0.130571
0.141808
0.137074
0.132325
0.124966
0.115075
0.104725
0.090272
0.070060
0.053174
0.040564
0.027675
-0.011849
-0.072633
-0.107736
-0.114863
-0.123460
-0.134820
-0.138796
-0.115879
-0.068867
-0.034322
-0.007953
0.020277
0.038022
0.041451
0.032824
0.027106
0.033656
0.035813
0.033273
0.044756
0.056608
0.066050
0.074491
0.073934
0.069139
0.053715
0.035259
0.036793
0.035103
0.016876
0.006522
0.013396
0.020234
0.022414
0.041127
0.051219
0.044606
0.030772
0.025159
0.042720
0.062766
0.073525
0.070546
0.048749
0.015256
-0.021544
-0.024227
-0.017535
-0.030348
-0.031686
-0.037584
-0.040576
-0.044289
-0.047521
-0.042896
-0.059056
-0.073744
-0.070618
-0.058229
-0.048080
-0.032934
-0.019258
-0.015771
-0.005767
0.008252
0.031253
0.024904
0.000542
-0.001317
0.006935
0.009487
-0.011321
-0.020732
-0.014926
-0.025540
-0.027981
-0.057835
-0.101414
-0.099670
-0.016713
0.050779
-0.194085
-0.427972
-0.036233
0.530021
0.597070
0.415762
0.262605
0.052106
-0.149181
-0.230279
-0.232170
-0.183770
-0.109865
-0.033692
0.027509
0.043023
0.035179
0.021556
0.010279
-0.006791
-0.019374
-0.025356
-0.037115
-0.036789
-0.026294
-0.001845
0.023232
0.038988
0.067279
0.080306
0.075168
0.078431
0.082212
0.075285
0.060263
0.040024
0.014030
0.000881
0.001310
0.007431
0.016285
0.020999
0.017022
0.005024
-0.000861
-0.017670
-0.039996
-0.046925
-0.045488
-0.035836
-0.030643
-0.032759
-0.035087
-0.030297
-0.018540
-0.014137
-0.013901
-0.015972
-0.026344
-0.039617
-0.046270
-0.051249
-0.060780
-0.055346
-0.049266
-0.037842
-0.016849
0.000249
0.004500
-0.012899
-0.016587
-0.018332
-0.019923
-0.017365
-0.011611
-0.002282
-0.003230
0.002310
0.010619
0.010979
0.012583
0.014566
0.009249
-0.010670
-0.028193
-0.021443
-0.009399
-0.006168
-0.001411
0.003867
-0.001697
-0.016108
-0.012901
-0.000264
0.004653
0.012892
0.021069
0.027161
0.033515
0.037966
0.031879
0.030060
0.018792
-0.017305
-0.053488
-0.077282
-0.072809
-0.071866
-0.095950
-0.160631
-0.256845
-0.318823
-0.347939
-0.146950
0.181262
0.502743
0.885040
0.973674
0.974414
0.716488
0.049366
-0.362189
-0.605360
-0.696826
-0.561049
-0.445017
-0.393962
-0.349454
-0.278618
-0.214513
-0.170376
-0.152885
-0.137839
-0.107234
-0.071978
-0.028144
0.018652
0.054307
0.086548
0.126406
0.155698
0.168253
0.181844
0.183900
0.167189
0.145697
0.127086
0.118723
0.115516
0.115929
0.114973
0.104965
0.097834
0.087376
0.057497
0.028023
0.014570
0.003920
-0.020048
-0.050453
-0.078332
-0.103758
-0.126734
-0.138202
-0.120849
-0.092153
-0.081128
-0.084864
-0.081629
-0.057831
-0.029640
-0.015837
-0.013794
-0.004141
-0.019727
-0.044705
-0.019985
-0.009302
-0.022576
-0.008419
-0.002335
-0.015035
-0.008463
-0.017931
-0.027213
-0.020531
-0.031020
-0.035432
-0.019678
-0.008116
-0.013473
-0.004914
0.024893
0.038752
0.042478
0.065428
0.088708
0.079072
0.042497
0.022026
0.022778
0.016567
0.011372
0.025282
0.043395
0.058403
0.055989
0.057611
0.047784
0.057561
0.038379
0.020919
0.043719
-0.001277
0.015376
0.076963
0.113281
0.083104
0.016059
-0.035738
-0.097494
-0.131695
-0.149363
-0.157664
-0.134407
-0.082228
-0.040414
-0.007215
0.021212
0.052010
0.078294
0.078474
0.076193
0.082294
0.080569
0.078370
0.085776
0.089843
0.080835
0.060168
0.020250
-0.049251
-0.125447
-0.190577
-0.237391
-0.253417
-0.247744
-0.230723
-0.205670
-0.162917
-0.103397
-0.045231
0.007886
0.050188
0.066276
0.058737
0.052278
0.050136
0.054275
0.058385
0.059113
0.058585
0.049007
0.053428
0.060025
0.051573
0.046482
0.036778
0.013260
-0.011121
-0.009299
-0.001956
0.008843
0.020667
0.005454
0.044418
0.105775
0.110434
0.085788
0.057604
0.045923
0.035010
0.026356
0.022318
0.020416
0.014467
-0.001245
0.002921
0.010384
0.015960
0.031139
0.042808
0.039531
0.022941
0.024657
0.017543
-0.009940
-0.024784
-0.035267
-0.040556
-0.032392
-0.024529
-0.028197
-0.045274
-0.058172
-0.054900
-0.060250
-0.066904
-0.063805
-0.054200
-0.047425
-0.053255
-0.053277
-0.054617
-0.047395
-0.037554
-0.040493
-0.036249
-0.036003
-0.027627
-0.020398
-0.023027
-0.015088
-0.009988
-0.009824
-0.002727
0.021163
0.033009
0.027464
0.030191
0.033892
0.027151
0.020748
0.022189
0.011750
-0.001097
-0.002506
0.002731
0.005529
0.009441
0.022736
0.036803
0.052687
0.049086
0.034310
0.028242
0.013924
-0.002660
-0.007272
0.005921
0.012891
0.008852
0.014258
0.019819
0.024565
0.032767
0.043462
0.048114
0.039973
0.036693
0.029121
0.017749
0.013440
0.007178
0.005853
0.007081
0.004520
-0.002444
-0.003318
0.001786
-0.001537
-0.005810
-0.000930
0.000161
-0.011129
-0.025814
-0.026301
-0.023377
-0.023986
-0.024790
-0.026735
-0.021221
-0.023922
-0.024063
-0.015236
-0.013143
-0.015465
-0.013646
-0.001537
0.010371
0.019412
0.028752
0.027763
0.010800
-0.013613
-0.018703
-0.004698
-0.004298
-0.013386
-0.015753
-0.009472
-0.019845
-0.027985
-0.019294
-0.025031
-0.022636
-0.017323
-0.016134
-0.012032
-0.004193
0.000887
-0.002469
-0.005196
-0.010030
-0.016221
-0.015046
-0.008864
-0.010199
-0.010475
-0.013491
-0.018204
-0.018958
-0.011422
0.001257
0.002346
-0.004328
-0.006803
0.002450
0.015097
0.020906
0.013084
0.000161
0.000731
0.008960
0.014247
0.012698
0.010406
0.009857
0.011288
0.017942
0.018188
0.014116
0.008535
-0.000565
-0.001434
0.003799
0.011978
0.017793
0.009660
-0.003822
-0.009759
-0.012575
-0.013135
-0.012481
-0.019657
-0.026109
-0.023435
-0.018066
-0.019544
-0.018000
-0.011704
-0.011652
-0.011744
-0.007234
-0.000883
0.003575
0.004947
0.009546
0.014045
0.015166
0.014761
0.011862
0.010829
0.015421
0.028960
0.050381
0.075773
0.095955
0.111851
0.117171
0.113412
0.108580
0.091577
0.077571
0.076534
0.080825
0.098274
0.124187
0.145482
0.140201
0.112505
0.084589
0.054993
0.044533
0.060292
0.164676
0.217368
0.262524
0.118655
-0.564702
-0.992840
-0.964516
-1.000749
-0.954166
-0.671314
0.390692
0.866867
0.349915
0.401999
0.230605
0.147322
0.338792
0.410152
0.519896
0.524143
0.543434
0.474793
0.391995
0.398285
0.524677
0.589653
0.421197
0.101426
-0.226879
-0.478021
-0.588509
-0.523316
-0.314602
-0.056405
0.138566
0.237168
0.274502
0.289835
0.280656
0.213451
0.079883
-0.107003
-0.300872
-0.437404
-0.502730
-0.533415
-0.537836
-0.483551
-0.353136
-0.169927
0.025922
0.187972
0.269431
0.260272
0.193697
0.122145
0.082673
0.083752
0.107658
0.131195
0.144381
0.133446
0.104491
0.069708
0.031403
-0.000263
-0.020806
-0.028855
-0.027210
-0.020901
-0.015479
-0.016346
-0.032233
-0.057529
-0.069939
-0.068386
-0.059404
-0.047185
-0.039641
-0.035277
-0.028874
-0.027120
-0.026200
-0.013848
-0.002597
-0.002120
0.000656
0.010940
0.007405
-0.010733
-0.025803
-0.041113
-0.059492
-0.074230
-0.075928
-0.073871
-0.073834
-0.064452
-0.051256
-0.042121
-0.035638
-0.026572
-0.022960
-0.029480
-0.030712
-0.017375
0.006295
0.027549
0.040449
0.040963
0.038635
0.044060
0.041851
0.032074
0.040467
0.040998
0.027910
0.045778
0.054019
0.049059
0.027454
0.017766
0.040657
0.032817
0.040826
0.045920
0.041181
0.053018
0.063772
0.073797
0.064319
0.044820
0.029067
0.020260
0.019824
0.028772
0.039700
0.039249
0.030408
0.021962
0.014808
0.005985
0.000083
0.003122
0.006132
0.008181
0.009934
0.005797
-0.002942
-0.020873
-0.034879
-0.034979
-0.037961
-0.043168
-0.049909
-0.047489
-0.054468
-0.052319
-0.039277
-0.046804
-0.034789
-0.036443
-0.046121
-0.048310
-0.060701
-0.058647
-0.047637
-0.029472
-0.011330
-0.004855
0.004708
0.007265
0.000760
-0.003501
-0.007568
0.000037
0.001950
-0.001635
-0.005187
-0.010718
-0.004625
-0.002553
0.002168
0.007381
-0.000833
-0.012725
-0.027534
-0.027496
-0.014327
0.005992
0.027443
0.040426
0.055069
0.050747
0.043684
0.041771
0.032539
0.036674
0.031226
0.026203
0.021116
0.010090
0.009596
-0.000925
-0.002046
-0.002538
0.001616
0.017603
0.021503
0.033424
0.030715
0.024223
0.021109
-0.000679
-0.013606
-0.030970
-0.038273
-0.032954
-0.033746
-0.030386
-0.037535
-0.031884
-0.014975
-0.000123
0.008006
-0.006548
-0.015928
-0.028421
-0.040399
-0.042269
-0.049474
-0.045169
-0.043554
-0.040494
-0.033653
-0.024527
-0.002943
0.004666
0.015107
0.021591
0.017525
0.016430
0.007089
0.004328
0.004972
0.005692
0.007183
0.006822
0.007253
0.005894
0.002401
0.006128
0.005133
0.001389
0.003052
0.006467
0.016443
0.017305
0.026491
0.030959
0.027875
0.034894
0.029992
0.029647
0.027882
0.015008
0.009371
0.001198
-0.006459
-0.009678
-0.016768
-0.024631
-0.035356
-0.048057
-0.065537
-0.092337
-0.124642
-0.182890
-0.263908
-0.345663
-0.422346
-0.331659
-0.054694
0.223786
0.596389
0.939823
0.955941
0.624261
0.055486
-0.415613
-0.592726
-0.533932
-0.281704
0.020140
0.177115
0.210133
0.225020
0.217503
0.162989
0.055945
-0.063763
-0.176156
-0.269913
-0.314240
-0.317753
-0.282795
-0.213830
-0.125226
-0.026830
0.056588
0.109841
0.133791
0.135109
0.121381
0.097315
0.073351
0.050927
0.026472
0.004947
-0.006755
-0.010768
-0.014106
-0.015900
-0.019935
-0.016698
-0.003273
0.003663
0.008751
0.013910
0.020780
0.036518
0.044177
0.039311
0.032414
0.024629
0.023641
0.027579
0.027442
0.027170
0.027507
0.022507
0.012091
-0.002894
-0.019329
-0.025936
-0.026489
-0.026031
-0.026961
-0.036758
-0.044990
-0.047771
-0.045713
-0.043722
-0.041909
-0.030955
-0.022658
-0.014011
0.003254
0.021865
0.036029
0.044610
0.052336
0.054022
0.051756
0.052903
0.054492
0.049888
0.040262
0.034229
0.030574
0.030374
0.031193
0.026909
0.023660
0.019083
0.015636
0.015413
0.009561
0.000675
-0.012768
-0.023280
-0.027923
-0.035677
-0.041049
-0.045385
-0.048069
-0.048612
-0.050539
-0.048506
-0.048919
-0.048202
-0.045078
-0.045593
-0.043162
-0.042261
-0.037530
-0.030380
-0.026318
-0.023440
-0.020398
-0.012436
-0.012263
-0.013209
-0.012463
-0.013872
-0.013787
-0.014833
-0.008696
-0.002746
0.001433
0.002514
0.010640
0.027063
0.033512
0.042817
0.052383
0.056348
0.054403
0.044076
0.029221
0.006962
-0.017415
-0.040341
-0.051359
-0.051423
-0.052727
-0.050305
-0.048503
-0.043583
-0.032500
-0.026121
-0.017177
-0.005064
0.003843
0.015867
0.031053
0.040574
0.045497
0.049622
0.052690
0.053761
0.046907
0.033883
0.000000
0.000000
0.000000
0.000000
0.000000
0.000000
0.000000
0.000000
0.000000
0.000000
0.000000
0.000000
0.000000
0.000000
0.000000
0.000000
0.000000
0.000000
0.000000
0.000000
0.000000
0.000000
0.000000
0.000000
0.000000
0.000000
0.000000
0.000000
0.000000
0.000000
0.000000
0.000000
0.000000
0.000000
0.000000
0.000000
0.000000
0.000000
0.000000
0.000000
0.000000
0.000000
0.000000
0.000000
0.000000
0.000000
0.000000
0.000000
0.000000
0.000000
0.000000
0.000000
0.000000
0.000000
0.000000
0.000000
0.000000
0.000000
0.000000
0.000000
0.000000
0.000000
0.000000
0.000000
0.000000
0.000000
0.000000
0.000000
0.000000
0.000000
0.000000
0.000000
0.000000
0.000000
0.000000
0.000000
0.000000
0.000000
0.000000
0.000000
0.000000
0.000000
0.000000
0.000000
0.000000
0.000000
0.000000
0.000000
0.000000
0.000000
0.000000
0.000000
0.000000
0.000000
0.000000
0.000000
0.000000
0.000000
0.000000
0.000000
0.000000
0.000000
0.000000
0.000000
0.000000
0.000000
0.000000
0.000000
0.000000
0.000000
0.000000
0.000000
0.000000
0.000000
0.000000
0.000000
0.000000
0.000000
0.000000
0.000000
0.000000
0.000000
0.000000
0.000000
0.000000
0.000000
0.000000
0.000000
0.000000
0.000000
0.000000
0.000000
0.000000
0.000000
0.000000
0.000000
0.000000
0.000000
0.000000
0.000000
0.000000
0.000000
0.000000
0.000000
0.000000
0.000000
0.000000
0.000000
0.000000
0.000000
0.000000
0.000000
0.000000
0.000000
0.000000
0.000000
0.000000
0.000000
0.000000
0.000000
0.000000
0.000000
0.000000
0.000000
0.000000
0.000000
0.000000
0.000000
0.000000
0.000000
0.000000
0.000000
0.000000
0.000000
0.000000
0.000000
0.000000
0.000000
0.000000
0.000000
0.000000
0.000000
0.000000
0.000000
0.000000
0.000000
0.000000
0.000000
0.000000
0.000000
0.000000
0.000000
0.000000
0.000000
0.000000
0.000000
0.000000
0.000000
0.000000
0.000000
0.000000
0.000000
0.000000
0.000000
0.000000
0.000000
0.000000
0.000000
0.000000
0.000000
0.000000
0.000000
0.000000
0.000000
0.000000
0.000000
0.000000
0.000000
0.000000
0.000000
0.000000
0.000000
0.000000
0.000000
0.000000
0.000000
0.000000
0.000000
0.000000
0.000000
0.000000
0.000000
0.000000
0.000000
0.000000
0.000000
0.000000
0.000000
0.000000
0.000000
0.000000
0.000000
0.000000
0.000000
0.000000
0.000000
0.000000
0.000000
0.000000
0.000000
0.000000
0.000000
0.000000
0.000000
0.000000
0.000000
0.000000
0.000000
0.000000
0.000000
0.000000
0.000000
0.000000
0.000000
0.000000
0.000000
0.000000
0.000000
0.000000
0.000000
0.000000
0.000000
0.000000
0.000000
0.000000
0.000000
0.000000
0.000000
0.000000
0.000000
0.000000
0.000000
0.000000
0.000000
0.000000
0.000000
0.000000
0.000000
0.000000
0.000000
0.000000
0.000000
0.000000
0.000000
0.000000
0.000000
0.000000
0.000000
0.000000
0.000000
0.000000
0.000000
0.000000
0.000000
0.000000
0.000000
0.000000
0.000000
0.000000
0.000000
0.000000
0.000000
0.000000
0.000000
0.000000
0.000000
0.000000
0.000000
0.000000
0.000000
0.000000
0.000000
0.000000
0.000000
0.000000
0.000000
0.000000
0.000000
0.000000
0.000000
0.000000
0.000000
0.000000
0.000000
0.000000
0.000000
0.000000
0.000000
0.000000
0.000000
0.000000
0.000000
0.000000
0.000000
0.000000
0.000000
0.000000
0.000000
0.000000
0.000000
0.000000
0.000000
0.000000
0.000000
0.000000
0.000000
0.000000
0.000000
0.000000
0.000000
0.000000
0.000000
0.000000
0.000000
0.000000
0.000000
0.000000
0.000000
0.000000
0.000000
0.000000
0.000000
0.000000
0.000000
0.000000
0.000000
0.000000
0.000000
0.000000
0.000000
0.000000
0.000000
0.000000
0.000000
0.000000
0.000000
0.000000
0.000000
0.000000
0.000000
0.000000
0.000000
0.000000
0.000000
0.000000
0.000000
0.000000
0.000000
0.000000
0.000000
0.000000
0.000000
0.000000
0.000000
0.000000
0.000000
0.000000
0.000000
0.000000
0.000000
0.000000
0.000000
0.000000
0.000000
0.000000
0.000000
0.000000
0.000000
0.000000
0.000000
0.000000
0.000000
0.000000
0.000000
0.000000
0.000000
0.000000
0.000000
0.000000
0.000000
0.000000
0.000000
0.000000
0.000000
0.000000
0.000000
0.000000
0.000000
0.000000
0.000000
0.000000
0.000000
0.000000
0.000000
0.000000
0.000000
0.000000
0.000000
0.000000
0.000000
0.000000
0.000000
0.000000
0.000000
0.000000
0.000000
0.000000
0.000000
0.000000
0.000000
0.000000
0.000000
0.000000
0.000000
0.000000
0.000000
0.000000
0.000000
0.000000
0.000000
0.000000
0.000000
0.000000
0.000000
0.000000
0.000000
0.000000
0.000000
0.000000
0.000000
0.000000
0.000000
0.000000
0.000000
0.000000
0.000000
0.000000
0.000000
0.000000
0.000000
0.000000
0.000000
0.000000
0.000000
0.000000
0.000000
0.000000
0.000000
0.000000
0.000000
0.000000
0.000000
0.000000
0.000000
0.000000
0.000000
0.000000
0.000000
0.000000
0.000000
0.000000
0.000000
0.000000
0.000000
0.000000
0.000000
0.000000
0.000000
0.000000
0.000000
0.000000
0.000000
0.000000
0.000000
0.000000
0.000000
0.000000
0.000000
0.000000
0.000000
0.000000
0.000000
0.000000
0.000000
0.000000
0.000000
0.000000
0.000000
0.000000
0.000000
0.000000
0.000000
0.000000
0.000000
0.000000
0.000000
0.000000
0.000000
0.000000
0.000000
0.000000
0.000000
0.000000
0.000000
0.000000
0.000000
0.000000
0.000000
0.000000
0.000000
0.000000
0.000000
0.000000
0.000000
0.000000
0.000000
0.000000
0.000000
0.000000
0.000000
0.000000
0.000000
0.000000
0.000000
0.000000
0.000000
0.000000
0.000000
0.000000
0.000000
0.000000
0.000000
0.000000
0.000000
0.000000
0.000000
0.000000
0.000000
0.000000
0.000000
0.000000
0.000000
0.000000
0.000000
0.000000
0.000000
0.000000
0.000000
0.000000
0.000000
0.000000
0.000000
0.000000
0.000000
0.000000
0.000000
0.000000
0.000000
0.000000
0.000000
0.000000
0.000000
0.000000
0.000000
0.000000
0.000000
0.000000
0.000000
0.000000
0.000000
0.000000
0.000000
0.000000
0.000000
0.000000
0.000000
0.000000
0.000000
0.000000
0.000000
0.000000
0.000000
0.000000
0.000000
0.000000
0.000000
0.000000
0.000000
0.000000
0.000000
0.000000
0.000000
0.000000
0.000000
0.000000
0.000000
0.000000
0.000000
0.000000
0.000000
0.000000
0.000000
0.000000
0.000000
0.000000
0.000000
0.000000
0.000000
0.000000
0.000000
0.000000
0.000000
0.000000
0.000000
0.000000
0.000000
0.000000
0.000000
0.000000
0.000000
0.000000
0.000000
0.000000
0.000000
0.000000
0.000000
0.000000
0.000000
0.000000
0.000000
0.000000
0.000000
0.000000
0.000000
0.000000
0.000000
0.000000
0.000000
0.000000
0.000000
0.000000
0.000000
0.000000
0.000000
0.000000
0.000000
0.000000
0.000000
0.000000
0.000000
0.000000
0.000000
0.000000
0.000000
0.000000
0.000000
0.000000
0.000000
0.000000
0.000000
0.000000
0.000000
0.000000
0.000000
0.000000
0.000000
0.000000
0.000000
0.000000
0.000000
0.000000
0.000000
0.000000
0.000000
0.000000
0.000000
0.000000
0.000000
0.000000
0.000000
0.000000
0.000000
0.000000
0.000000
0.000000
0.000000
0.000000
0.000000
0.000000
0.000000
0.000000
0.000000
0.000000
0.000000
0.000000
0.000000
0.000000
0.000000
0.000000
0.000000
0.000000
0.000000
0.000000
0.000000
0.000000
0.000000
0.000000
0.000000
0.000000
0.000000
0.000000
0.000000
0.000000
0.000000
0.000000
0.000000
0.000000
0.000000
0.000000
0.000000
0.000000
0.000000
0.000000
0.000000
0.000000
0.000000
0.000000
0.000000
0.000000
0.000000
0.000000
0.000000
0.000000
0.000000
0.000000
0.000000
0.000000
0.000000
0.000000
0.000000
0.000000
0.000000
0.000000
0.000000
0.000000
0.000000
0.000000
0.000000
0.000000
0.000000
0.000000
0.000000
0.000000
0.000000
0.000000
0.000000
0.000000
0.000000
0.000000
0.000000
0.000000
0.000000
0.000000
0.000000
0.000000
0.000000
0.000000
0.000000
0.000000
0.000000
0.000000
0.000000
0.000000
0.000000
0.000000
0.000000
0.000000
0.000000
0.000000
0.000000
0.000000
0.000000
0.000000
0.000000
0.000000
0.000000
0.000000
0.000000
0.000000
0.000000
0.000000
0.000000
0.000000
0.000000
0.000000
0.000000
0.000000
0.000000
0.000000
0.000000
0.000000
0.000000
0.000000
0.000000
0.000000
0.000000
0.000000
0.000000
0.000000
0.000000
0.000000
0.000000
0.000000
0.000000
0.000000
0.000000
0.000000
0.000000
0.000000
0.000000
0.000000
0.000000
0.000000
0.000000
0.000000
0.000000
0.000000
0.000000
0.000000
0.000000
0.000000
0.000000
0.000000
0.000000
0.000000
0.000000
0.000000
0.000000
0.000000
0.000000
0.000000
0.000000
0.000000
0.000000
0.000000
0.000000
0.000000
0.000000
0.000000
0.000000
0.000000
0.000000
0.000000
0.000000
0.000000
0.000000
0.000000
0.000000
0.000000
0.000000
0.000000
0.000000
0.000000
0.000000
0.000000
0.000000
0.000000
0.000000
0.000000
0.000000
0.000000
0.000000
0.000000
0.000000
0.000000
0.000000
0.000000
0.000000
0.000000
0.000000
0.000000
0.000000
0.000000
0.000000
0.000000
0.000000
0.000000
0.000000
0.000000
0.000000
0.000000
0.000000
0.000000
0.000000
0.000000
0.000000
0.000000
0.000000
0.000000
0.000000
0.000000
0.000000
0.000000
0.000000
0.000000
0.000000
0.000000
0.000000
0.000000
0.000000
0.000000
0.000000
0.000000
0.000000
0.000000
0.000000
0.000000
0.000000
0.000000
0.000000
0.000000
0.000000
0.000000
0.000000
0.000000
0.000000
0.000000
0.000000
0.000000
0.000000
0.000000
0.000000
0.000000
0.000000
0.000000
0.000000
0.000000
0.000000
0.000000
0.000000
0.000000
0.000000
0.000000
0.000000
0.000000
0.000000
0.000000
0.000000
0.000000
0.000000
0.000000
0.000000
0.000000
0.000000
0.000000
0.000000
0.000000
0.000000
0.000000
0.000000
0.000000
0.000000
0.000000
0.000000
0.000000
0.000000
0.000000
0.000000
0.000000
0.000000
0.000000
0.000000
0.000000
0.000000
0.000000
0.000000
0.000000
0.000000
0.000000
0.000000
0.000000
0.000000
0.000000
0.000000
0.000000
0.000000
0.000000
0.000000
0.000000
0.000000
0.000000
0.000000
0.000000
0.000000
0.000000
0.000000
0.000000
0.000000
0.000000
0.000000
0.000000
0.000000
0.000000
0.000000
0.000000
0.000000
0.000000
0.000000
0.000000
0.000000
0.000000
0.000000
0.000000
0.000000
0.000000
0.000000
0.000000
0.000000
0.000000
0.000000
0.000000
0.000000
0.000000
0.000000
0.000000
0.000000
0.000000
0.000000
0.000000
0.000000
0.000000
0.000000
0.000000
0.000000
0.000000
0.000000
0.000000
0.000000
0.000000
0.000000
0.000000
0.000000
0.000000
0.000000
0.000000
0.000000
0.000000
0.000000
0.000000
0.000000
0.000000
0.000000
0.000000
0.000000
0.000000
0.000000
0.000000
0.000000
0.000000
0.000000
0.000000
0.000000
0.000000
0.000000
0.000000
0.000000
0.000000
0.000000
0.000000
0.000000
0.000000
0.000000
0.000000
0.000000
0.000000
0.000000
0.000000
0.000000
0.000000
0.000000
0.000000
0.000000
0.000000
0.000000
0.000000
0.000000
0.000000
0.000000
0.000000
0.000000
0.000000
0.000000
0.000000
0.000000
0.000000
0.000000
0.000000
0.000000
0.000000
0.000000
0.000000
0.000000
0.000000
0.000000
0.000000
0.000000
0.000000
0.000000
0.000000
0.000000
0.000000
0.000000
0.000000
0.000000
0.000000
0.000000
0.000000
0.000000
0.000000
0.000000
0.000000
0.000000
0.000000
0.000000
0.000000
0.000000
0.000000
0.000000
0.000000
0.000000
0.000000
0.000000
0.000000
0.000000
0.000000
0.000000
0.000000
0.000000
0.000000
0.000000
0.000000
0.000000
0.000000
0.000000
0.000000
0.000000
0.000000
0.000000
0.000000
0.000000
0.000000
0.000000
0.000000
0.000000
0.000000
0.000000
0.000000
0.000000
0.000000
0.000000
0.000000
0.000000
0.000000
0.000000
0.000000
0.000000
0.000000
0.000000
0.000000
0.000000
0.000000
0.000000
0.000000
0.000000
0.000000
0.000000
0.000000
0.000000
0.000000
0.000000
0.000000
0.000000
0.000000
0.000000
0.000000
0.000000
0.000000
0.000000
0.000000
0.000000
0.000000
0.000000
0.000000
0.000000
0.000000
0.000000
0.000000
0.000000
0.000000
0.000000
0.000000
0.000000
0.000000
0.000000
0.000000
0.000000
0.000000
0.000000
0.000000
0.000000
0.000000
0.000000
0.000000
0.000000
0.000000
0.000000
0.000000
0.000000
0.000000
0.000000
0.000000
0.000000
0.000000
0.000000
0.000000
0.000000
0.000000
0.000000
0.000000
0.000000
0.000000
0.000000
0.000000
0.000000
0.000000
0.000000
0.000000
0.000000
0.000000
0.000000
0.000000
0.000000
0.000000
0.000000
0.000000
0.000000
0.000000
0.000000
0.000000
0.000000
0.000000
0.000000
0.000000
0.000000
0.000000
0.000000
0.000000
0.000000
0.000000
0.000000
0.000000
0.000000
0.000000
0.000000
0.000000
0.000000
0.000000
0.000000
0.000000
0.000000
0.000000
0.000000
0.000000
0.000000
0.000000
0.000000
0.000000
0.000000
0.000000
0.000000
0.000000
0.000000
0.000000
0.000000
0.000000
0.000000
0.000000
0.000000
0.000000
0.000000
0.000000
0.000000
0.000000
0.000000
0.000000
0.000000
0.000000
0.000000
0.000000
0.000000
0.000000
0.000000
0.000000
0.000000
0.000000
0.000000
0.000000
0.000000
0.000000
0.000000
0.000000
0.000000
0.000000
0.000000
0.000000
0.000000
0.000000
0.000000
0.000000
0.000000
0.000000
0.000000
0.000000
0.000000
0.000000
0.000000
0.000000
0.000000
0.000000
0.000000
0.000000
0.000000
0.000000
0.000000
0.000000
0.000000
0.000000
0.000000
0.000000
0.000000
0.000000
0.000000
0.000000
0.000000
0.000000
0.000000
0.000000
0.000000
0.000000
0.000000
0.000000
0.000000
0.000000
0.000000
0.000000
0.000000
0.000000
0.000000
0.000000
0.000000
0.000000
0.000000
0.000000
0.000000
0.000000
0.000000
0.000000
0.000000
0.000000
0.000000
0.000000
0.000000
0.000000
0.000000
0.000000
0.000000
0.000000
0.000000
0.000000
0.000000
0.000000
0.000000
0.000000
0.000000
0.000000
0.000000
0.000000
0.000000
0.000000
0.000000
0.000000
0.000000
0.000000
0.000000
0.000000
0.000000
0.000000
0.000000
0.000000
0.000000
0.000000
0.000000
0.000000
0.000000
0.000000
0.000000
0.000000
0.000000
0.000000
0.000000
0.000000
0.000000
0.000000
0.000000
0.000000
0.000000
0.000000
0.000000
0.000000
0.000000
0.000000
0.000000
0.000000
0.000000
0.000000
0.000000
0.000000
0.000000
0.000000
0.000000
0.000000
0.000000
0.000000
0.000000
0.000000
0.000000
0.000000
0.000000
0.000000
0.000000
0.000000
0.000000
0.000000
0.000000
0.000000
0.000000
0.000000
0.000000
0.000000
0.000000
0.000000
0.000000
0.000000
0.000000
0.000000
0.000000
0.000000
0.000000
0.000000
0.000000
0.000000
0.000000
0.000000
0.000000
0.000000
0.000000
0.000000
0.000000
0.000000
0.000000
0.000000
0.000000
0.000000
0.000000
0.000000
0.000000
0.000000
0.000000
0.000000
0.000000
0.000000
0.000000
0.000000
0.000000
0.000000
0.000000
0.000000
0.000000
0.000000
0.000000
0.000000
0.000000
0.000000
0.000000
0.000000
0.000000
0.000000
0.000000
0.000000
0.000000
0.000000
0.000000
0.000000
0.000000
0.000000
0.000000
0.000000
0.000000
0.000000
0.000000
0.000000
0.000000
0.000000
0.000000
0.000000
0.000000
0.000000
0.000000
0.000000
0.000000
0.000000
0.000000
0.000000
0.000000
0.000000
0.000000
0.000000
0.000000
0.000000
0.000000
0.000000
0.000000
0.000000
0.000000
0.000000
0.000000
0.000000
0.000000
0.000000
0.000000
0.000000
0.000000
0.000000
0.000000
0.000000
0.000000
0.000000
0.000000
0.000000
0.000000
0.000000
0.000000
0.000000
0.000000
0.000000
0.000000
0.000000
0.000000
0.000000
0.000000
0.000000
0.000000
0.000000
0.000000
0.000000
0.000000
0.000000
0.000000
0.000000
0.000000
0.000000
0.000000
0.000000
0.000000
0.000000
0.000000
0.000000
0.000000
0.000000
0.000000
0.000000
0.000000
0.000000
0.000000
0.000000
0.000000
0.000000
0.000000
0.000000
0.000000
0.000000
0.000000
0.000000
0.000000
0.000000
0.000000
0.000000
0.000000
0.000000
0.000000
0.000000
0.000000
0.000000
0.000000
0.000000
0.000000
0.000000
0.000000
0.000000
0.000000
0.000000
0.000000
0.000000
0.000000
0.000000
0.000000
0.000000
0.000000
0.000000
0.000000
0.000000
0.000000
0.000000
0.000000
0.000000
0.000000
0.000000
0.000000
0.000000
0.000000
0.000000
0.000000
0.000000
0.000000
0.000000
0.000000
0.000000
0.000000
0.000000
0.000000
0.000000
0.000000
0.000000
0.000000
0.000000
0.000000
0.000000
0.000000
0.000000
0.000000
0.000000
0.000000
0.000000
0.000000
0.000000
0.000000
0.000000
0.000000
0.000000
0.000000
0.000000
0.000000
0.000000
0.000000
0.000000
0.000000
0.000000
0.000000
0.000000
0.000000
0.000000
0.000000
0.000000
0.000000
0.000000
0.000000
0.000000
0.000000
0.000000
0.000000
0.000000
0.000000
0.000000
0.000000
0.000000
0.000000
0.000000
0.000000
0.000000
0.000000
0.000000
0.000000
0.000000
0.000000
0.000000
0.000000
0.000000
0.000000
0.000000
0.000000
0.000000
0.000000
0.000000
0.000000
0.000000
0.000000
