0.018558
0.006114
0.000173
0.000277
-0.002142
-0.004430
-0.001230
0.007980
0.022052
0.027888
0.030094
0.025834
0.019636
0.019255
0.019405
0.022002
0.020298
0.019461
0.020074
0.019847
0.015110
0.004655
0.006491
0.003846
-0.002415
-0.003686
-0.006596
-0.007314
-0.011534
-0.013559
-0.019070
-0.025725
-0.029819
-0.033151
-0.033884
-0.036211
-0.031735
-0.029517
-0.028758
-0.026844
-0.030747
-0.033179
-0.037427
-0.042751
-0.041429
-0.032477
-0.026994
-0.024029
-0.018976
-0.016937
-0.009844
-0.002487
0.004684
0.014241
0.017409
0.019612
0.017736
0.011913
0.004803
-0.006062
-0.014475
-0.017651
-0.015835
-0.010930
-0.003143
0.004889
0.010373
0.019416
0.025125
0.029225
0.034024
0.030763
0.026698
0.021865
0.017330
0.014774
0.012411
0.012017
0.011467
0.008836
0.000797
-0.002455
0.001640
0.009462
0.018482
0.026261
0.029664
0.030357
0.030573
0.028580
0.027797
0.025604
0.020531
0.016536
0.009115
-0.000885
-0.011164
-0.019871
-0.021605
-0.016877
-0.014356
-0.017233
-0.018406
-0.018614
-0.016598
-0.016902
-0.019243
-0.017379
-0.013428
-0.009420
-0.008119
-0.009796
-0.014753
-0.013899
-0.008117
-0.010831
-0.012553
-0.012028
-0.006719
0.000070
0.004324
0.008744
0.008552
0.007787
0.004843
0.005926
0.009610
0.009568
0.011714
0.009635
0.005730
-0.000139
-0.006626
-0.010461
-0.013513
-0.016763
-0.021632
-0.032545
-0.059340
-0.056211
0.006712
0.080583
0.118607
0.112852
0.083863
0.042022
-0.011285
-0.061889
-0.099206
-0.122147
-0.129430
-0.111658
-0.076931
-0.038654
-0.006864
0.016260
0.032740
0.041676
0.043056
0.038199
0.030159
0.019450
0.008761
0.001253
-0.006814
-0.012214
-0.010783
-0.011484
-0.017201
-0.023581
-0.027510
-0.023736
-0.013371
-0.006632
-0.002857
-0.004189
-0.001709
0.009273
0.016554
0.017739
0.015473
0.012333
0.008880
0.008379
0.015258
0.019082
0.016175
0.011687
0.010315
0.015043
0.021159
0.023654
0.020978
0.016718
0.012942
0.010848
0.012357
0.013708
0.009024
0.004699
-0.001112
-0.004141
0.005962
0.016168
0.012899
0.004450
-0.001163
-0.001340
0.002457
0.003949
-0.001705
-0.012218
-0.025776
-0.035112
-0.035167
-0.036450
-0.037547
-0.034050
-0.030839
-0.027366
-0.015841
-0.005178
-0.001852
0.000538
0.001507
-0.003261
-0.004965
0.000623
0.003401
0.003671
0.000509
-0.002677
-0.001561
-0.001430
0.003764
0.015720
0.030959
0.045423
0.056993
0.062949
0.060019
0.053263
0.045605
0.043573
0.053685
0.069640
0.093714
0.125616
0.150321
0.166117
0.180116
0.186892
0.179644
0.174447
0.201114
0.235281
0.266320
0.386895
0.403657
0.436191
-0.027532
-0.861953
-1.010002
-0.951288
-1.007277
-0.857035
0.019626
0.869628
0.953359
0.567811
-0.067944
-0.411194
-0.438635
-0.342232
-0.168386
0.080290
0.426281
0.747420
0.907409
0.870269
0.715794
0.536471
0.323475
0.073548
-0.148156
-0.283150
-0.314631
-0.239219
-0.067379
0.122701
0.239690
0.266508
0.260629
0.263819
0.218474
0.094842
-0.028535
-0.125940
-0.239019
-0.374554
-0.530118
-0.647044
-0.633906
-0.490654
-0.282906
-0.082476
0.065991
0.145163
0.151371
0.106187
0.039385
-0.001663
0.005877
0.031869
0.059211
0.080426
0.098615
0.108440
0.091858
0.068219
0.051872
0.040420
0.040968
0.054674
0.062810
0.051906
0.025970
-0.004429
-0.027109
-0.033108
-0.027287
-0.014012
0.004764
0.022648
0.035220
0.027573
0.001641
-0.027454
-0.035385
-0.023454
-0.013117
-0.005247
-0.005147
-0.013288
-0.021997
-0.038846
-0.062874
-0.086726
-0.103957
-0.095319
-0.065439
-0.040121
-0.030268
-0.030860
-0.032073
-0.027157
-0.029187
-0.031624
-0.021136
-0.014357
-0.012263
-0.001418
0.013910
0.020209
0.022894
0.030750
0.045440
0.060051
0.070683
0.078799
0.086003
0.089966
0.076134
0.054483
0.046853
0.050285
0.052022
0.055932
0.062067
0.051785
0.034070
0.024459
0.026163
0.032268
0.034041
0.038661
0.045786
0.039096
0.018182
-0.002675
-0.027256
-0.043527
-0.035515
-0.019383
-0.011450
-0.014217
-0.017733
-0.012250
-0.007961
-0.012918
-0.032147
-0.051736
-0.051552
-0.046729
-0.040262
-0.033769
-0.034844
-0.031493
-0.026955
-0.026841
-0.020937
-0.003777
0.011769
0.013582
0.008530
0.002985
-0.007376
-0.015696
-0.015394
-0.003100
0.011691
-0.008755
-0.005394
0.006209
-0.009886
-0.004301
-0.009249
-0.004088
0.002400
0.001124
0.000936
-0.007162
-0.011439
-0.014710
-0.017253
-0.022136
-0.027684
-0.029196
-0.026360
-0.028155
-0.025532
-0.017318
-0.005043
0.009155
0.020469
0.028454
0.032913
0.029762
0.011882
-0.004096
-0.014746
-0.020852
-0.017512
-0.011896
-0.003839
0.004329
0.010980
0.010519
0.006635
0.008435
0.013006
0.012478
0.008041
0.003968
-0.001376
-0.006512
-0.012434
-0.015408
-0.019703
-0.026318
-0.026326
-0.023391
-0.021331
-0.022897
-0.025578
-0.023761
-0.019014
-0.015522
-0.014915
-0.011924
-0.008908
-0.009315
-0.011083
-0.020164
-0.034134
-0.039070
-0.031646
-0.014265
0.000847
0.008249
0.011923
0.009726
0.009937
0.011094
0.008918
0.006340
-0.000306
-0.006108
-0.009639
-0.012128
-0.008869
-0.003248
0.001807
0.003742
0.007798
0.019212
0.021198
0.019360
0.015132
0.022906
0.030115
0.023466
0.033813
0.025549
0.012767
0.015890
0.020771
0.027928
0.024121
0.012252
-0.006662
-0.031256
-0.055512
-0.093088
-0.147474
-0.203976
-0.265259
-0.305482
-0.238063
-0.037353
0.198165
0.505753
0.845610
0.964655
0.732322
0.182246
-0.334324
-0.564902
-0.608576
-0.505279
-0.306183
-0.134845
-0.014712
0.097151
0.186990
0.204911
0.140178
0.021001
-0.117976
-0.228492
-0.284942
-0.278077
-0.230668
-0.165785
-0.081904
-0.000329
0.074734
0.139544
0.177000
0.196907
0.201799
0.173499
0.124798
0.084736
0.054947
0.025468
0.004646
-0.005124
-0.014131
-0.026121
-0.030851
-0.025874
-0.019351
-0.010465
0.000836
0.007105
0.009195
0.014878
0.021926
0.030966
0.040740
0.046802
0.045411
0.038714
0.029602
0.019791
0.011550
-0.000179
-0.013588
-0.025325
-0.030727
-0.029387
-0.029549
-0.028342
-0.024431
-0.025497
-0.033162
-0.039924
-0.040597
-0.040793
-0.044682
-0.052110
-0.056733
-0.050131
-0.039013
-0.029128
-0.011136
0.012369
0.030032
0.037659
0.037858
0.038122
0.036436
0.033723
0.034325
0.029568
0.022432
0.017284
0.010166
0.008322
0.011756
0.013133
0.019581
0.026076
0.024629
0.020210
0.016417
0.014020
0.010494
0.005765
-0.004274
-0.015009
-0.022086
-0.029033
-0.040969
-0.057064
-0.064966
-0.063240
-0.062134
-0.064354
-0.061316
-0.051665
-0.044447
-0.039496
-0.036836
-0.033991
-0.030582
-0.028392
-0.021983
-0.017266
-0.022195
-0.037726
-0.051059
-0.043375
-0.016727
0.004620
0.019996
0.036192
0.049358
0.066381
0.082466
0.097733
0.110350
0.112379
0.107230
0.095174
0.075195
0.051859
0.023917
-0.003145
-0.021686
-0.040017
-0.050399
-0.054946
-0.050573
-0.057177
-0.063143
-0.055786
-0.067398
-0.061222
-0.049094
-0.041166
-0.020839
0.002325
0.017556
0.025702
0.034380
0.032438
0.030132
0.033395
0.042251
0.052096
0.059054
0.061231
0.053521
0.045554
0.036638
0.030795
0.032056
0.020629
-0.008488
-0.023577
-0.015016
-0.008736
-0.010462
-0.009033
0.001919
0.010550
0.010099
0.018656
0.010180
-0.005798
0.005217
0.007206
0.005286
0.007048
0.005515
0.006766
0.006648
0.005973
0.006892
0.007124
0.007002
0.007089
0.006027
0.006247
-0.004724
-0.015919
-0.017644
-0.023036
-0.029631
-0.031237
-0.029434
-0.031765
-0.040900
-0.045869
-0.037000
-0.036697
-0.039437
-0.034437
-0.035022
-0.037149
-0.037854
-0.036693
-0.034436
-0.027430
-0.024924
-0.025337
-0.027143
-0.027620
-0.024694
-0.026444
-0.022037
-0.019057
-0.022239
-0.017003
0.001194
0.018049
0.027135
0.033600
0.038087
0.039705
0.037825
0.034668
0.033820
0.035995
0.036140
0.027330
0.017491
0.017249
0.015541
0.012078
0.007001
0.000691
-0.006912
-0.009601
-0.005945
-0.005352
0.003416
0.004521
0.010607
0.018959
0.005093
0.004245
0.008130
0.003210
0.001090
0.000147
-0.003857
-0.012626
-0.019909
-0.021652
-0.018836
-0.020979
-0.022478
-0.022194
-0.017022
-0.008839
-0.005615
-0.002488
-0.001966
0.001054
0.001639
0.002583
0.001705
0.003707
0.010271
0.011890
0.009408
0.007755
0.013268
0.012129
0.010007
0.011351
0.012416
0.008137
0.001562
0.001145
0.000329
0.000106
0.003737
0.004513
0.007259
0.005925
-0.000819
-0.004082
-0.010624
-0.014433
-0.018415
-0.020199
-0.021971
-0.028866
-0.036939
-0.044412
-0.044588
-0.048309
-0.053302
-0.048524
-0.037450
-0.024734
-0.015230
-0.006789
-0.000029
0.000225
-0.001059
-0.004095
-0.007531
-0.001985
0.004395
0.016945
0.030197
0.040094
0.043251
0.032504
0.032482
0.031731
0.031441
0.032908
0.031600
0.029150
0.025878
0.020687
-0.019577
-0.048419
-0.037450
0.050267
0.052060
0.001477
0.033527
0.004055
0.031460
0.057231
-0.020855
0.004949
-0.057231
-0.205671
-0.053867
-0.039457
-0.142523
-0.071679
-0.023859
0.002956
0.002665
-0.001260
-0.021420
-0.036669
-0.050334
-0.043476
-0.022004
-0.017848
-0.023460
-0.038322
-0.023027
0.035452
0.092399
0.106765
0.080380
0.037093
-0.007250
-0.040316
-0.047279
-0.035609
-0.020510
-0.010501
0.002758
0.018884
0.029203
0.026127
0.015972
0.012714
0.006823
-0.003739
-0.011706
-0.020531
-0.030468
-0.035080
-0.031407
-0.024913
-0.017059
-0.012100
-0.010098
-0.011373
-0.014972
-0.015294
-0.012232
0.007988
0.049590
0.114053
0.152767
0.126912
0.136991
0.211940
0.294432
0.365500
0.407738
0.468570
0.499501
0.534098
0.551358
0.545088
-0.018992
-0.865696
-1.005608
-0.955979
-1.003596
-0.945250
-0.439676
0.336651
0.757849
0.684467
0.393554
0.245138
0.213447
0.173139
0.054050
0.005088
0.190625
0.503181
0.681695
0.655656
0.485004
0.258540
0.028483
-0.218372
-0.399292
-0.449545
-0.406881
-0.326631
-0.209265
-0.018987
0.190568
0.326809
0.372266
0.352676
0.288336
0.174506
0.022503
-0.115229
-0.236906
-0.379803
-0.522409
-0.603356
-0.573826
-0.418524
-0.186720
0.042549
0.205497
0.271987
0.279432
0.260129
0.216568
0.169939
0.133779
0.105834
0.087254
0.076739
0.060713
0.025279
-0.028504
-0.088187
-0.132407
-0.148492
-0.140822
-0.110757
-0.064502
-0.021321
0.008455
0.026909
0.029603
0.025695
0.024497
0.018944
0.015761
0.016566
0.019171
0.020109
0.005842
-0.001936
0.002871
-0.002388
-0.006653
-0.003082
-0.003434
-0.028217
-0.072756
-0.101035
-0.101415
-0.085191
-0.062733
-0.039980
-0.012159
0.013769
0.022544
0.027936
0.026848
0.026507
0.033328
0.035475
0.016337
0.001781
0.015072
0.013498
0.017180
0.018661
0.011896
0.018438
0.025262
0.028466
0.043069
0.057474
0.050996
0.047388
0.049298
0.050074
0.054514
0.059021
0.068488
0.080265
0.077720
0.060269
0.037230
0.019450
0.003362
-0.008483
-0.003190
-0.000575
-0.009662
-0.009175
-0.005617
-0.006481
-0.006595
-0.006322
-0.006769
-0.006993
-0.006951
-0.006849
-0.006981
-0.010465
-0.022185
-0.027609
-0.045695
-0.137212
-0.196432
-0.101764
0.051451
0.156418
0.189333
0.147541
0.041588
-0.081024
-0.168421
-0.196506
-0.157670
-0.090457
-0.030337
0.019046
0.058086
0.077732
0.074940
0.061923
0.037704
0.012252
0.003352
0.010119
0.022591
0.023943
0.008355
-0.012649
-0.029547
-0.035179
-0.035467
-0.026468
-0.005550
0.007269
0.012872
0.012473
0.003731
-0.002242
-0.008497
-0.009884
-0.008298
-0.008555
0.018392
0.052450
0.063176
0.055707
0.040408
0.025832
0.009095
-0.008446
-0.025631
-0.035315
-0.036693
-0.041394
-0.043075
-0.026166
-0.004588
0.001569
-0.000998
-0.005264
-0.011247
-0.018033
-0.024799
-0.026762
-0.022864
-0.015516
-0.009295
-0.019482
-0.031231
-0.060195
-0.079641
-0.005519
0.061359
0.060701
0.051018
0.025230
-0.012843
-0.046701
-0.070443
-0.084083
-0.089981
-0.089169
-0.086898
-0.079244
-0.063834
-0.045535
-0.025491
-0.003707
0.012725
0.017722
0.020667
0.014150
0.006815
0.021469
0.023928
0.003603
-0.012676
-0.023928
-0.029851
-0.025049
-0.014462
-0.005936
0.002158
0.010417
0.016986
0.021668
0.024425
0.026843
0.027933
0.026726
0.020853
0.014705
0.010410
-0.012908
-0.100545
-0.201677
-0.117101
0.123232
0.230180
0.147747
0.017639
-0.123864
-0.281998
-0.429979
-0.506974
-0.477166
-0.331312
-0.122723
0.214668
0.745374
0.969119
0.978740
0.919415
0.385821
-0.170186
-0.467285
-0.565827
-0.430636
-0.250553
-0.123162
-0.034061
0.033579
0.039583
-0.037000
-0.168052
-0.302555
-0.393827
-0.416575
-0.370047
-0.267093
-0.128386
0.012193
0.120102
0.185910
0.216504
0.213229
0.194445
0.172047
0.141843
0.121653
0.114092
0.114219
0.126116
0.139738
0.147243
0.143746
0.128800
0.106297
0.071880
0.032308
-0.002994
-0.029745
-0.045545
-0.053125
-0.056917
-0.059793
-0.056246
-0.046469
-0.040257
-0.043693
-0.042621
-0.033337
-0.031383
-0.032465
-0.033986
-0.038472
-0.043707
-0.047685
-0.053598
-0.068199
-0.079411
-0.090694
-0.105890
-0.113996
-0.111383
-0.106712
-0.087382
-0.052020
-0.013671
-0.003192
-0.014829
0.062954
0.140741
0.113605
0.089124
0.084452
0.058279
0.031591
0.024778
0.022495
0.026349
0.031280
0.027479
0.035623
0.050326
0.054781
0.054190
0.048993
0.042016
0.031808
0.006822
-0.009453
-0.014101
-0.024453
-0.059795
-0.054189
0.048997
0.116512
0.113854
0.099000
0.060276
0.006085
-0.040036
-0.067161
-0.080760
-0.082660
-0.084944
-0.100156
-0.086342
-0.013042
0.056605
0.080371
0.075599
0.033956
-0.032394
-0.078960
-0.098209
-0.103077
-0.094828
-0.074634
-0.046243
-0.016099
0.011420
0.041648
0.069399
0.084251
0.090814
0.096109
0.096184
0.093017
0.093075
0.082572
0.056110
0.020107
-0.022899
-0.062705
-0.096669
-0.112697
-0.119298
-0.122241
-0.109077
-0.075534
-0.044435
-0.069002
-0.103046
-0.085991
-0.060440
-0.042405
-0.002716
0.027070
0.023961
0.012497
0.003665
-0.007072
-0.015647
-0.011981
-0.000914
0.005270
0.005730
0.002842
-0.003428
-0.006565
-0.006238
0.000626
0.017040
0.036167
0.049239
0.053473
0.058131
0.056547
0.042957
0.030870
0.023364
0.016453
0.005743
-0.003234
-0.002262
0.005216
0.017514
0.028803
0.030348
0.027089
0.025786
0.024904
0.026611
0.029699
0.029174
0.025852
0.016600
0.010251
0.002846
0.009070
0.021859
-0.008025
-0.051465
-0.070109
-0.083071
-0.099611
-0.082285
-0.031883
-0.000819
0.002126
-0.004902
-0.017792
-0.028793
-0.031904
-0.027657
-0.016132
-0.004508
0.007632
0.020599
0.026992
0.032259
0.035616
0.024200
0.010571
0.012576
0.020247
0.007288
-0.018856
-0.007107
0.026544
0.024786
0.006105
-0.001706
-0.014902
-0.031675
-0.039683
-0.043763
-0.036431
-0.014590
0.005756
0.020779
0.029314
0.032721
0.033584
0.031237
0.030026
0.023249
0.017518
0.011283
-0.000242
0.002394
0.010545
0.004887
-0.002442
0.001394
0.008006
0.006814
0.001898
0.001478
0.001063
-0.001480
-0.005692
-0.010957
-0.006899
0.004292
0.011518
0.017381
0.018276
0.019122
0.011608
0.008604
0.024176
0.031009
0.035161
0.023826
-0.008704
-0.034840
-0.040914
-0.042071
-0.042128
-0.033643
-0.034644
-0.059975
-0.092164
-0.074017
-0.023167
0.002022
0.012954
0.023567
0.010997
-0.011109
-0.034174
-0.041150
-0.044101
-0.020827
0.000145
-0.040250
-0.016909
0.002518
-0.002401
0.002637
0.003564
-0.001887
0.005006
0.034975
-0.029490
-0.083991
-0.117602
-0.150838
-0.135626
-0.112583
-0.066327
-0.022604
0.005409
0.046534
0.088462
0.087641
0.064749
0.049503
0.024682
0.011617
0.019284
0.020935
0.022599
0.025160
0.025381
0.026296
0.026608
0.022863
0.006061
-0.006400
-0.020892
-0.043047
-0.060757
-0.076341
-0.074337
-0.062311
-0.044136
-0.036265
-0.051075
-0.047860
-0.030080
-0.025546
-0.032982
-0.031190
-0.016051
-0.016995
-0.011637
0.051068
0.108777
0.105344
0.077950
0.055837
0.030975
-0.003364
-0.024483
-0.028647
-0.022835
-0.024543
-0.032147
-0.025134
-0.018907
-0.022897
-0.034519
-0.027560
-0.038106
-0.048029
-0.075209
-0.063783
0.062610
0.040085
-0.037649
0.080874
0.280272
0.455528
0.618611
0.756948
0.727862
0.698461
0.702797
0.641392
0.217088
-0.642477
-0.990933
-0.971028
-0.987673
-0.975278
-0.980412
-0.620449
-0.083416
0.284933
0.572995
0.780566
0.868625
0.802924
0.566879
0.312634
0.233816
0.374735
0.571605
0.627975
0.498584
0.252022
-0.031399
-0.269507
-0.391558
-0.392792
-0.339970
-0.276355
-0.188799
-0.062928
0.134266
0.389088
0.601107
0.684788
0.624176
0.464801
0.305202
0.153022
-0.094510
-0.396166
-0.645585
-0.801659
-0.829525
-0.695675
-0.435199
-0.155055
0.089916
0.238360
0.280404
0.272265
0.209670
0.113398
0.028122
-0.030967
-0.078240
-0.140000
-0.172484
-0.149543
-0.144285
-0.159255
-0.157304
-0.142806
-0.116214
-0.088482
-0.063558
-0.046051
-0.037613
-0.025875
0.000594
0.038450
0.072244
0.093138
0.099354
0.094074
0.082200
0.070401
0.065072
0.066958
0.052110
0.010699
-0.025620
-0.039983
-0.039726
-0.043219
-0.055366
-0.066607
-0.069224
-0.060534
-0.048585
-0.039551
-0.029950
-0.012133
0.015394
0.042287
0.045924
0.029318
0.023436
0.026925
0.020046
0.006109
-0.007766
-0.020609
-0.025344
-0.019032
-0.001608
0.016082
0.015612
0.009867
0.002191
-0.005704
-0.007022
-0.022762
-0.034805
-0.005740
0.039047
0.052950
0.066848
0.104271
0.122193
0.111224
0.096105
0.087121
0.071891
0.054212
0.044683
0.038556
0.025620
0.011346
0.011045
0.012069
0.016451
0.018813
0.011394
0.013038
0.013451
0.013333
0.027448
0.029747
0.009831
-0.000279
-0.012778
-0.055519
-0.093862
-0.105325
-0.122590
-0.153369
-0.165874
-0.106978
0.023658
0.111067
0.111827
0.086364
0.056596
0.019470
-0.008458
-0.010183
0.009493
0.033419
0.042198
0.034866
0.015389
0.000908
-0.006406
-0.019730
-0.024392
-0.029221
-0.046463
-0.065518
-0.087851
-0.101947
-0.096793
-0.099906
-0.111139
-0.101276
-0.072356
-0.043802
-0.015629
0.022178
0.062171
0.082755
0.087372
0.084362
0.069950
0.058019
0.054766
0.054190
0.048343
0.040358
0.040153
0.046007
0.049742
0.041328
0.026115
0.000586
-0.013443
0.017628
0.069736
0.105429
0.106932
0.088210
0.050552
-0.011254
-0.069138
-0.088499
-0.062374
-0.019315
0.000822
-0.003773
-0.017446
-0.040310
-0.056435
-0.062586
-0.048457
-0.017711
0.003569
-0.003853
-0.003752
0.023241
0.115538
0.392166
0.548771
0.272141
-0.179383
-0.527483
-0.661626
-0.556860
-0.280831
0.046533
0.284089
0.349631
0.259389
0.086021
-0.086439
-0.197331
-0.243338
-0.227804
-0.170292
-0.104278
-0.044394
-0.003215
0.003264
-0.004289
0.007671
0.025366
0.042591
0.054794
0.045861
0.038888
0.042312
0.041831
0.032497
0.024797
0.022963
0.005218
-0.013310
-0.020917
-0.035265
-0.057529
-0.071260
-0.070865
-0.061769
-0.053215
-0.054051
-0.055301
-0.068456
-0.107886
-0.191309
-0.312575
-0.429719
-0.530334
-0.371563
-0.008962
0.373182
0.841353
0.973656
0.977677
0.936051
0.364320
-0.261964
-0.614142
-0.720580
-0.589529
-0.398064
-0.257348
-0.176014
-0.101541
-0.045553
-0.037403
-0.070733
-0.116608
-0.149290
-0.152070
-0.127384
-0.084994
-0.024143
0.031701
0.074180
0.122440
0.171640
0.208646
0.220525
0.204368
0.186499
0.169922
0.142726
0.120222
0.106962
0.103304
0.108690
0.092749
0.057497
0.039977
0.023442
-0.009094
-0.032038
-0.040104
-0.049923
-0.067833
-0.082898
-0.087868
-0.084179
-0.075256
-0.075447
-0.080474
-0.073924
-0.060426
-0.057231
-0.062061
-0.051008
-0.033899
-0.019317
-0.005148
-0.006954
-0.019358
-0.026602
-0.033438
-0.056684
-0.083267
-0.085113
-0.073398
-0.068524
-0.056963
-0.026490
-0.008337
0.001365
0.019601
0.029756
0.037125
0.036872
0.032816
0.031326
0.034556
0.046505
0.056927
0.071236
0.085050
0.082106
0.072000
0.067131
0.060141
0.048705
0.042560
0.043032
0.033642
0.010519
-0.005052
-0.006922
-0.005890
-0.003182
-0.008909
-0.026046
-0.031327
-0.030445
-0.035360
-0.043436
-0.049684
-0.046921
-0.051513
-0.056195
-0.054286
-0.059984
-0.058502
-0.054375
-0.058318
-0.047229
-0.023205
-0.011241
-0.009397
0.002809
0.022116
0.038334
0.052238
0.069176
0.086090
0.081938
0.076248
0.076109
0.059050
0.037557
0.003778
-0.037954
-0.072793
-0.113489
-0.145058
-0.162110
-0.169225
-0.160683
-0.137366
-0.100453
-0.062984
-0.030715
0.000256
0.024067
0.029185
0.020304
0.012220
0.007384
0.006074
0.000873
-0.011920
-0.020364
-0.018402
-0.009396
0.004925
0.020326
0.035335
0.045967
0.045770
0.040846
0.032639
0.028777
0.035996
0.047162
0.063438
0.076333
0.081383
0.085815
0.086318
0.086530
0.086349
0.085853
0.086988
0.084948
0.085012
0.076266
0.055609
0.043712
0.037188
0.029086
0.025697
0.026415
0.016756
-0.008854
-0.025825
-0.032815
-0.040329
-0.044080
-0.049577
-0.052748
-0.056334
-0.057554
-0.050972
-0.050687
-0.050601
-0.048815
-0.050909
-0.050767
-0.049892
-0.051018
-0.052560
-0.050893
-0.045278
-0.035943
-0.030403
-0.028668
-0.009496
0.013395
0.020762
0.022292
0.012028
0.003468
0.005279
-0.001123
-0.008368
-0.006672
-0.001093
0.000538
-0.003330
-0.007490
-0.009409
-0.010503
-0.011252
-0.019243
-0.023930
-0.010456
-0.004920
-0.000232
0.009715
0.014413
0.006989
0.011239
0.018876
0.012301
0.023598
0.017368
0.006047
-0.001611
-0.009831
-0.006995
-0.007267
-0.003888
-0.001530
-0.001862
0.000637
0.008212
0.016493
0.022112
0.021222
0.019104
0.019825
0.024471
0.034116
0.036521
0.029302
0.025894
0.028118
0.025325
0.018369
0.014128
0.005978
-0.005953
-0.008016
-0.003517
-0.004533
-0.007873
-0.008464
-0.008716
-0.006826
-0.010050
-0.021297
-0.026375
-0.019958
-0.013228
-0.018739
-0.026474
-0.027889
-0.025595
-0.015725
-0.011000
-0.019769
-0.030269
-0.037219
-0.041617
-0.045850
-0.048366
-0.046684
-0.036199
-0.022776
-0.010513
-0.010449
-0.007094
-0.007370
-0.029930
0.024578
0.059332
0.016533
0.019737
0.016760
0.009481
0.015723
0.022867
0.038419
0.052755
0.070881
0.083836
0.087600
0.086164
0.084505
0.086271
0.093880
0.110092
0.138687
0.180923
0.238814
0.291663
0.317513
0.305987
0.316249
0.319101
0.385633
0.357843
0.147064
-0.261300
-0.842515
-0.985492
-0.979850
-0.978228
-0.986142
-0.629178
0.425569
0.978749
0.959523
0.626143
0.103841
-0.100185
-0.062342
0.083890
0.238740
0.388373
0.540463
0.643164
0.656903
0.547127
0.361844
0.193497
0.076183
-0.040498
-0.178482
-0.304757
-0.386450
-0.409203
-0.347265
-0.171465
0.087950
0.323594
0.472717
0.561905
0.583045
0.490985
0.297308
0.059598
-0.180320
-0.384807
-0.543688
-0.660061
-0.716216
-0.676201
-0.520287
-0.289266
-0.053554
0.119722
0.207114
0.223957
0.196490
0.162202
0.143578
0.141984
0.151342
0.162151
0.170205
0.169418
0.151055
0.115297
0.065138
0.008874
-0.040878
-0.073310
-0.092708
-0.110837
-0.108955
-0.084521
-0.070564
-0.052057
-0.024887
-0.016970
-0.012551
-0.018578
-0.049823
-0.078210
-0.089476
-0.086462
-0.065712
-0.033495
-0.002852
0.016545
0.021735
0.017892
0.004522
-0.016812
-0.026157
-0.016518
-0.005663
0.003098
0.003082
-0.012422
-0.031205
-0.050678
-0.066064
-0.071052
-0.073672
-0.078044
-0.076499
-0.065522
-0.046069
-0.020081
0.005440
0.023932
0.031071
0.027313
0.018518
0.016218
0.016914
0.019075
0.020427
0.024194
0.016902
0.031603
0.048886
0.033079
0.041162
0.032730
0.029690
0.032887
0.016987
0.023577
0.040827
0.054854
0.063908
0.070098
0.074585
0.074623
0.067303
0.060440
0.056179
0.052454
0.044981
0.031460
0.012668
-0.007357
-0.026009
-0.043188
-0.055099
-0.060046
-0.057498
-0.053902
-0.048838
-0.041912
-0.040879
-0.036584
-0.025333
-0.020850
-0.022570
-0.019893
-0.009420
0.006281
0.020079
0.031157
0.037006
0.031177
0.012976
-0.011824
-0.031803
-0.048537
-0.057873
-0.051045
-0.037276
-0.025053
0.000000
0.000000
0.000000
0.000000
0.000000
0.000000
0.000000
0.000000
0.000000
0.000000
0.000000
0.000000
0.000000
0.000000
0.000000
0.000000
0.000000
0.000000
0.000000
0.000000
0.000000
0.000000
0.000000
0.000000
0.000000
0.000000
0.000000
0.000000
0.000000
0.000000
0.000000
0.000000
0.000000
0.000000
0.000000
0.000000
0.000000
0.000000
0.000000
0.000000
0.000000
0.000000
0.000000
0.000000
0.000000
0.000000
0.000000
0.000000
0.000000
0.000000
0.000000
0.000000
0.000000
0.000000
0.000000
0.000000
0.000000
0.000000
0.000000
0.000000
0.000000
0.000000
0.000000
0.000000
0.000000
0.000000
0.000000
0.000000
0.000000
0.000000
0.000000
0.000000
0.000000
0.000000
0.000000
0.000000
0.000000
0.000000
0.000000
0.000000
0.000000
0.000000
0.000000
0.000000
0.000000
0.000000
0.000000
0.000000
0.000000
0.000000
0.000000
0.000000
0.000000
0.000000
0.000000
0.000000
0.000000
0.000000
0.000000
0.000000
0.000000
0.000000
0.000000
0.000000
0.000000
0.000000
0.000000
0.000000
0.000000
0.000000
0.000000
0.000000
0.000000
0.000000
0.000000
0.000000
0.000000
0.000000
0.000000
0.000000
0.000000
0.000000
0.000000
0.000000
0.000000
0.000000
0.000000
0.000000
0.000000
0.000000
0.000000
0.000000
0.000000
0.000000
0.000000
0.000000
0.000000
0.000000
0.000000
0.000000
0.000000
0.000000
0.000000
0.000000
0.000000
0.000000
0.000000
0.000000
0.000000
0.000000
0.000000
0.000000
0.000000
0.000000
0.000000
0.000000
0.000000
0.000000
0.000000
0.000000
0.000000
0.000000
0.000000
0.000000
0.000000
0.000000
0.000000
0.000000
0.000000
0.000000
0.000000
0.000000
0.000000
0.000000
0.000000
0.000000
0.000000
0.000000
0.000000
0.000000
0.000000
0.000000
0.000000
0.000000
0.000000
0.000000
0.000000
0.000000
0.000000
0.000000
0.000000
0.000000
0.000000
0.000000
0.000000
0.000000
0.000000
0.000000
0.000000
0.000000
0.000000
0.000000
0.000000
0.000000
0.000000
0.000000
0.000000
0.000000
0.000000
0.000000
0.000000
0.000000
0.000000
0.000000
0.000000
0.000000
0.000000
0.000000
0.000000
0.000000
0.000000
0.000000
0.000000
0.000000
0.000000
0.000000
0.000000
0.000000
0.000000
0.000000
0.000000
0.000000
0.000000
0.000000
0.000000
0.000000
0.000000
0.000000
0.000000
0.000000
0.000000
0.000000
0.000000
0.000000
0.000000
0.000000
0.000000
0.000000
0.000000
0.000000
0.000000
0.000000
0.000000
0.000000
0.000000
0.000000
0.000000
0.000000
0.000000
0.000000
0.000000
0.000000
0.000000
0.000000
0.000000
0.000000
0.000000
0.000000
0.000000
0.000000
0.000000
0.000000
0.000000
0.000000
0.000000
0.000000
0.000000
0.000000
0.000000
0.000000
0.000000
0.000000
0.000000
0.000000
0.000000
0.000000
0.000000
0.000000
0.000000
0.000000
0.000000
0.000000
0.000000
0.000000
0.000000
0.000000
0.000000
0.000000
0.000000
0.000000
0.000000
0.000000
0.000000
0.000000
0.000000
0.000000
0.000000
0.000000
0.000000
0.000000
0.000000
0.000000
0.000000
0.000000
0.000000
0.000000
0.000000
0.000000
0.000000
0.000000
0.000000
0.000000
0.000000
0.000000
0.000000
0.000000
0.000000
0.000000
0.000000
0.000000
0.000000
0.000000
0.000000
0.000000
0.000000
0.000000
0.000000
0.000000
0.000000
0.000000
0.000000
0.000000
0.000000
0.000000
0.000000
0.000000
0.000000
0.000000
0.000000
0.000000
0.000000
0.000000
0.000000
0.000000
0.000000
0.000000
0.000000
0.000000
0.000000
0.000000
0.000000
0.000000
0.000000
0.000000
0.000000
0.000000
0.000000
0.000000
0.000000
0.000000
0.000000
0.000000
0.000000
0.000000
0.000000
0.000000
0.000000
0.000000
0.000000
0.000000
0.000000
0.000000
0.000000
0.000000
0.000000
0.000000
0.000000
0.000000
0.000000
0.000000
0.000000
0.000000
0.000000
0.000000
0.000000
0.000000
0.000000
0.000000
0.000000
0.000000
0.000000
0.000000
0.000000
0.000000
0.000000
0.000000
0.000000
0.000000
0.000000
0.000000
0.000000
0.000000
0.000000
0.000000
0.000000
0.000000
0.000000
0.000000
0.000000
0.000000
0.000000
0.000000
0.000000
0.000000
0.000000
0.000000
0.000000
0.000000
0.000000
0.000000
0.000000
0.000000
0.000000
0.000000
0.000000
0.000000
0.000000
0.000000
0.000000
0.000000
0.000000
0.000000
0.000000
0.000000
0.000000
0.000000
0.000000
0.000000
0.000000
0.000000
0.000000
0.000000
0.000000
0.000000
0.000000
0.000000
0.000000
0.000000
0.000000
0.000000
0.000000
0.000000
0.000000
0.000000
0.000000
0.000000
0.000000
0.000000
0.000000
0.000000
0.000000
0.000000
0.000000
0.000000
0.000000
0.000000
0.000000
0.000000
0.000000
0.000000
0.000000
0.000000
0.000000
0.000000
0.000000
0.000000
0.000000
0.000000
0.000000
0.000000
0.000000
0.000000
0.000000
0.000000
0.000000
0.000000
0.000000
0.000000
0.000000
0.000000
0.000000
0.000000
0.000000
0.000000
0.000000
0.000000
0.000000
0.000000
0.000000
0.000000
0.000000
0.000000
0.000000
0.000000
0.000000
0.000000
0.000000
0.000000
0.000000
0.000000
0.000000
0.000000
0.000000
0.000000
0.000000
0.000000
0.000000
0.000000
0.000000
0.000000
0.000000
0.000000
0.000000
0.000000
0.000000
0.000000
0.000000
0.000000
0.000000
0.000000
0.000000
0.000000
0.000000
0.000000
0.000000
0.000000
0.000000
0.000000
0.000000
0.000000
0.000000
0.000000
0.000000
0.000000
0.000000
0.000000
0.000000
0.000000
0.000000
0.000000
0.000000
0.000000
0.000000
0.000000
0.000000
0.000000
0.000000
0.000000
0.000000
0.000000
0.000000
0.000000
0.000000
0.000000
0.000000
0.000000
0.000000
0.000000
0.000000
0.000000
0.000000
0.000000
0.000000
0.000000
0.000000
0.000000
0.000000
0.000000
0.000000
0.000000
0.000000
0.000000
0.000000
0.000000
0.000000
0.000000
0.000000
0.000000
0.000000
0.000000
0.000000
0.000000
0.000000
0.000000
0.000000
0.000000
0.000000
0.000000
0.000000
0.000000
0.000000
0.000000
0.000000
0.000000
0.000000
0.000000
0.000000
0.000000
0.000000
0.000000
0.000000
0.000000
0.000000
0.000000
0.000000
0.000000
0.000000
0.000000
0.000000
0.000000
0.000000
0.000000
0.000000
0.000000
0.000000
0.000000
0.000000
0.000000
0.000000
0.000000
0.000000
0.000000
0.000000
0.000000
0.000000
0.000000
0.000000
0.000000
0.000000
0.000000
0.000000
0.000000
0.000000
0.000000
0.000000
0.000000
0.000000
0.000000
0.000000
0.000000
0.000000
0.000000
0.000000
0.000000
0.000000
0.000000
0.000000
0.000000
0.000000
0.000000
0.000000
0.000000
0.000000
0.000000
0.000000
0.000000
0.000000
0.000000
0.000000
0.000000
0.000000
0.000000
0.000000
0.000000
0.000000
0.000000
0.000000
0.000000
0.000000
0.000000
0.000000
0.000000
0.000000
0.000000
0.000000
0.000000
0.000000
0.000000
0.000000
0.000000
0.000000
0.000000
0.000000
0.000000
0.000000
0.000000
0.000000
0.000000
0.000000
0.000000
0.000000
0.000000
0.000000
0.000000
0.000000
0.000000
0.000000
0.000000
0.000000
0.000000
0.000000
0.000000
0.000000
0.000000
0.000000
0.000000
0.000000
0.000000
0.000000
0.000000
0.000000
0.000000
0.000000
0.000000
0.000000
0.000000
0.000000
0.000000
0.000000
0.000000
0.000000
0.000000
0.000000
0.000000
0.000000
0.000000
0.000000
0.000000
0.000000
0.000000
0.000000
0.000000
0.000000
0.000000
0.000000
0.000000
0.000000
0.000000
0.000000
0.000000
0.000000
0.000000
0.000000
0.000000
0.000000
0.000000
0.000000
0.000000
0.000000
0.000000
0.000000
0.000000
0.000000
0.000000
0.000000
0.000000
0.000000
0.000000
0.000000
0.000000
0.000000
0.000000
0.000000
0.000000
0.000000
0.000000
0.000000
0.000000
0.000000
0.000000
0.000000
0.000000
0.000000
0.000000
0.000000
0.000000
0.000000
0.000000
0.000000
0.000000
0.000000
0.000000
0.000000
0.000000
0.000000
0.000000
0.000000
0.000000
0.000000
0.000000
0.000000
0.000000
0.000000
0.000000
0.000000
0.000000
0.000000
0.000000
0.000000
0.000000
0.000000
0.000000
0.000000
0.000000
0.000000
0.000000
0.000000
0.000000
0.000000
0.000000
0.000000
0.000000
0.000000
0.000000
0.000000
0.000000
0.000000
0.000000
0.000000
0.000000
0.000000
0.000000
0.000000
0.000000
0.000000
0.000000
0.000000
0.000000
0.000000
0.000000
0.000000
0.000000
0.000000
0.000000
0.000000
0.000000
0.000000
0.000000
0.000000
0.000000
0.000000
0.000000
0.000000
0.000000
0.000000
0.000000
0.000000
0.000000
0.000000
0.000000
0.000000
0.000000
0.000000
0.000000
0.000000
0.000000
0.000000
0.000000
0.000000
0.000000
0.000000
0.000000
0.000000
0.000000
0.000000
0.000000
0.000000
0.000000
0.000000
0.000000
0.000000
0.000000
0.000000
0.000000
0.000000
0.000000
0.000000
0.000000
0.000000
0.000000
0.000000
0.000000
0.000000
0.000000
0.000000
0.000000
0.000000
0.000000
0.000000
0.000000
0.000000
0.000000
0.000000
0.000000
0.000000
0.000000
0.000000
0.000000
0.000000
0.000000
0.000000
0.000000
0.000000
0.000000
0.000000
0.000000
0.000000
0.000000
0.000000
0.000000
0.000000
0.000000
0.000000
0.000000
0.000000
0.000000
0.000000
0.000000
0.000000
0.000000
0.000000
0.000000
0.000000
0.000000
0.000000
0.000000
0.000000
0.000000
0.000000
0.000000
0.000000
0.000000
0.000000
0.000000
0.000000
0.000000
0.000000
0.000000
0.000000
0.000000
0.000000
0.000000
0.000000
0.000000
0.000000
0.000000
0.000000
0.000000
0.000000
0.000000
0.000000
0.000000
0.000000
0.000000
0.000000
0.000000
0.000000
0.000000
0.000000
0.000000
0.000000
0.000000
0.000000
0.000000
0.000000
0.000000
0.000000
0.000000
0.000000
0.000000
0.000000
0.000000
0.000000
0.000000
0.000000
0.000000
0.000000
0.000000
0.000000
0.000000
0.000000
0.000000
0.000000
0.000000
0.000000
0.000000
0.000000
0.000000
0.000000
0.000000
0.000000
0.000000
0.000000
0.000000
0.000000
0.000000
0.000000
0.000000
0.000000
0.000000
0.000000
0.000000
0.000000
0.000000
0.000000
0.000000
0.000000
0.000000
0.000000
0.000000
0.000000
0.000000
0.000000
0.000000
0.000000
0.000000
0.000000
0.000000
0.000000
0.000000
0.000000
0.000000
0.000000
0.000000
0.000000
0.000000
0.000000
0.000000
0.000000
0.000000
0.000000
0.000000
0.000000
0.000000
0.000000
0.000000
0.000000
0.000000
0.000000
0.000000
0.000000
0.000000
0.000000
0.000000
0.000000
0.000000
0.000000
0.000000
0.000000
0.000000
0.000000
0.000000
0.000000
0.000000
0.000000
0.000000
0.000000
0.000000
0.000000
0.000000
0.000000
0.000000
0.000000
0.000000
0.000000
0.000000
0.000000
0.000000
0.000000
0.000000
0.000000
0.000000
0.000000
0.000000
0.000000
0.000000
0.000000
0.000000
0.000000
0.000000
0.000000
0.000000
0.000000
0.000000
0.000000
0.000000
0.000000
0.000000
0.000000
0.000000
0.000000
0.000000
0.000000
0.000000
0.000000
0.000000
0.000000
0.000000
0.000000
0.000000
0.000000
0.000000
0.000000
0.000000
0.000000
0.000000
0.000000
0.000000
0.000000
0.000000
0.000000
0.000000
0.000000
0.000000
0.000000
0.000000
0.000000
0.000000
0.000000
0.000000
0.000000
0.000000
0.000000
0.000000
0.000000
0.000000
0.000000
0.000000
0.000000
0.000000
0.000000
0.000000
0.000000
0.000000
0.000000
0.000000
0.000000
0.000000
0.000000
0.000000
0.000000
0.000000
0.000000
0.000000
0.000000
0.000000
0.000000
0.000000
0.000000
0.000000
0.000000
0.000000
0.000000
0.000000
0.000000
0.000000
0.000000
0.000000
0.000000
0.000000
0.000000
0.000000
0.000000
0.000000
0.000000
0.000000
0.000000
0.000000
0.000000
0.000000
0.000000
0.000000
0.000000
0.000000
0.000000
0.000000
0.000000
0.000000
0.000000
0.000000
0.000000
0.000000
0.000000
0.000000
0.000000
0.000000
0.000000
0.000000
0.000000
0.000000
0.000000
0.000000
0.000000
0.000000
0.000000
0.000000
0.000000
0.000000
0.000000
0.000000
0.000000
0.000000
0.000000
0.000000
0.000000
0.000000
0.000000
0.000000
0.000000
0.000000
0.000000
0.000000
0.000000
0.000000
0.000000
0.000000
0.000000
0.000000
0.000000
0.000000
0.000000
0.000000
0.000000
0.000000
0.000000
0.000000
0.000000
0.000000
0.000000
0.000000
0.000000
0.000000
0.000000
0.000000
0.000000
0.000000
0.000000
0.000000
0.000000
0.000000
0.000000
0.000000
0.000000
0.000000
0.000000
0.000000
0.000000
0.000000
0.000000
0.000000
0.000000
0.000000
0.000000
0.000000
0.000000
0.000000
0.000000
0.000000
0.000000
0.000000
0.000000
0.000000
0.000000
0.000000
0.000000
0.000000
0.000000
0.000000
0.000000
0.000000
0.000000
0.000000
0.000000
0.000000
0.000000
0.000000
0.000000
0.000000
0.000000
0.000000
0.000000
0.000000
0.000000
0.000000
0.000000
0.000000
0.000000
0.000000
0.000000
0.000000
0.000000
0.000000
0.000000
0.000000
0.000000
0.000000
0.000000
0.000000
0.000000
0.000000
0.000000
0.000000
0.000000
0.000000
0.000000
0.000000
0.000000
0.000000
0.000000
0.000000
0.000000
0.000000
0.000000
0.000000
0.000000
0.000000
0.000000
0.000000
0.000000
0.000000
0.000000
0.000000
0.000000
0.000000
0.000000
0.000000
0.000000
0.000000
0.000000
0.000000
0.000000
0.000000
0.000000
0.000000
0.000000
0.000000
0.000000
0.000000
0.000000
0.000000
0.000000
0.000000
0.000000
0.000000
0.000000
0.000000
0.000000
0.000000
0.000000
0.000000
0.000000
0.000000
0.000000
0.000000
0.000000
0.000000
0.000000
0.000000
0.000000
0.000000
0.000000
0.000000
0.000000
0.000000
0.000000
0.000000
0.000000
0.000000
0.000000
0.000000
0.000000
0.000000
0.000000
0.000000
0.000000
0.000000
0.000000
0.000000
0.000000
0.000000
0.000000
0.000000
0.000000
0.000000
0.000000
0.000000
0.000000
0.000000
0.000000
0.000000
0.000000
0.000000
0.000000
0.000000
0.000000
0.000000
0.000000
0.000000
0.000000
0.000000
0.000000
0.000000
0.000000
0.000000
0.000000
0.000000
0.000000
0.000000
0.000000
0.000000
0.000000
0.000000
0.000000
0.000000
0.000000
0.000000
0.000000
0.000000
0.000000
0.000000
0.000000
0.000000
0.000000
0.000000
0.000000
0.000000
0.000000
0.000000
0.000000
0.000000
0.000000
0.000000
0.000000
0.000000
0.000000
0.000000
0.000000
0.000000
0.000000
0.000000
0.000000
0.000000
0.000000
0.000000
0.000000
0.000000
0.000000
0.000000
0.000000
0.000000
0.000000
0.000000
0.000000
0.000000
0.000000
0.000000
0.000000
0.000000
0.000000
0.000000
0.000000
0.000000
0.000000
0.000000
0.000000
0.000000
0.000000
0.000000
0.000000
0.000000
0.000000
0.000000
0.000000
0.000000
0.000000
0.000000
0.000000
0.000000
0.000000
0.000000
0.000000
0.000000
0.000000
0.000000
0.000000
0.000000
0.000000
0.000000
0.000000
0.000000
0.000000
0.000000
0.000000
0.000000
0.000000
0.000000
0.000000
0.000000
0.000000
0.000000
0.000000
0.000000
0.000000
0.000000
0.000000
0.000000
0.000000
0.000000
0.000000
0.000000
0.000000
0.000000
0.000000
0.000000
0.000000
0.000000
0.000000
0.000000
0.000000
0.000000
0.000000
0.000000
0.000000
0.000000
0.000000
0.000000
0.000000
0.000000
0.000000
0.000000
0.000000
0.000000
0.000000
0.000000
0.000000
0.000000
0.000000
0.000000
0.000000
0.000000
0.000000
0.000000
0.000000
0.000000
0.000000
0.000000
0.000000
0.000000
0.000000
0.000000
0.000000
0.000000
0.000000
0.000000
0.000000
0.000000
0.000000
0.000000
0.000000
0.000000
0.000000
0.000000
0.000000
0.000000
0.000000
0.000000
0.000000
0.000000
0.000000
0.000000
0.000000
0.000000
0.000000
0.000000
0.000000
0.000000
0.000000
0.000000
0.000000
0.000000
0.000000
0.000000
0.000000
0.000000
0.000000
0.000000
0.000000
0.000000
0.000000
0.000000
0.000000
0.000000
0.000000
0.000000
0.000000
0.000000
0.000000
0.000000
0.000000
0.000000
0.000000
0.000000
0.000000
0.000000
0.000000
0.000000
0.000000
0.000000
0.000000
0.000000
0.000000
0.000000
0.000000
0.000000
0.000000
0.000000
0.000000
0.000000
0.000000
0.000000
0.000000
0.000000
0.000000
0.000000
0.000000
0.000000
0.000000
0.000000
0.000000
0.000000
0.000000
0.000000
0.000000
0.000000
0.000000
0.000000
0.000000
0.000000
0.000000
0.000000
0.000000
0.000000
0.000000
0.000000
0.000000
0.000000
0.000000
0.000000
0.000000
0.000000
0.000000
0.000000
0.000000
0.000000
0.000000
0.000000
0.000000
0.000000
0.000000
0.000000
0.000000
0.000000
0.000000
0.000000
0.000000
0.000000
0.000000
0.000000
0.000000
0.000000
0.000000
0.000000
0.000000
0.000000
0.000000
0.000000
0.000000
0.000000
0.000000
0.000000
0.000000
0.000000
0.000000
0.000000
0.000000
0.000000
0.000000
0.000000
0.000000
0.000000
0.000000
0.000000
0.000000
0.000000
0.000000
0.000000
0.000000
0.000000
0.000000
0.000000
0.000000
0.000000
0.000000
0.000000
0.000000
0.000000
0.000000
0.000000
0.000000
0.000000
0.000000
0.000000
0.000000
0.000000
0.000000
0.000000
0.000000
0.000000
0.000000
0.000000
0.000000
0.000000
0.000000
0.000000
0.000000
0.000000
0.000000
0.000000
0.000000
0.000000
0.000000
0.000000
0.000000
0.000000
0.000000
0.000000
