-0.000607
0.006577
0.014724
0.021443
0.028065
0.029788
0.027139
0.020021
0.015846
0.014689
0.012413
0.007569
0.001876
-0.003543
-0.008110
-0.007183
-0.003576
0.001463
0.008575
0.012905
0.012837
0.006691
-0.004178
-0.014810
-0.024300
-0.028905
-0.029671
-0.028780
-0.024421
-0.020911
-0.014137
-0.007508
-0.005875
-0.004081
-0.007125
-0.011358
-0.013288
-0.015134
-0.012765
-0.010203
-0.009798
-0.010286
-0.010743
-0.011680
-0.009194
-0.008707
-0.016258
-0.022599
-0.021805
-0.018552
-0.021950
-0.025445
-0.025336
-0.026526
-0.028172
-0.027240
-0.023498
-0.018917
-0.013596
-0.008350
-0.001333
0.009064
0.013435
0.010154
0.008596
0.007033
0.010638
0.013180
0.010542
0.015791
0.019446
0.018450
0.017129
0.018743
0.020670
0.015633
0.010714
0.011376
0.013399
0.014620
0.016087
0.016716
0.015941
0.018297
0.026537
0.034335
0.044285
0.053796
0.061322
0.063474
0.057069
0.046609
0.031670
0.022155
0.018220
0.024730
0.043716
0.070424
0.103447
0.132258
0.160557
0.175259
0.178411
0.169696
0.164315
0.192488
0.211520
0.300862
0.337017
0.407198
0.100642
-0.692878
-1.018487
-0.933957
-1.034925
-0.841117
-0.207804
0.682151
0.741260
-0.067811
0.000207
-0.145440
-0.292477
-0.124975
-0.141469
0.010045
0.180962
0.434532
0.567239
0.616364
0.601672
0.496007
0.306100
0.100902
-0.084931
-0.222432
-0.249512
-0.175071
-0.050835
0.079250
0.181283
0.214481
0.183146
0.149506
0.142052
0.145289
0.123352
0.053022
-0.046227
-0.157400
-0.277856
-0.390326
-0.459089
-0.448380
-0.341981
-0.173835
-0.006783
0.115016
0.167248
0.150063
0.093048
0.033911
-0.000623
-0.002196
0.021878
0.057278
0.092021
0.113203
0.115478
0.105158
0.081218
0.053346
0.035738
0.026049
0.018890
0.005690
-0.017862
-0.045028
-0.066416
-0.075913
-0.068876
-0.048730
-0.026131
-0.009070
0.000288
0.002568
0.001215
-0.004144
-0.014591
-0.018357
-0.015288
-0.006258
0.002001
-0.008104
-0.024893
-0.025121
-0.015629
-0.020756
-0.032497
-0.037502
-0.044633
-0.045436
-0.036799
-0.029841
-0.024442
-0.022098
-0.021094
-0.014150
0.002324
0.015454
0.019666
0.017850
0.021682
0.027200
0.021805
0.021925
0.024084
0.024393
0.019334
0.009148
0.005297
0.007233
0.006163
0.004251
0.006051
0.011171
0.024398
0.035860
0.039882
0.040844
0.037319
0.035710
0.037527
0.034819
0.030638
0.024186
0.016552
0.019702
0.025182
0.022463
0.019470
0.012029
-0.003465
-0.016691
-0.022924
-0.027805
-0.029530
-0.020187
-0.015090
-0.025435
-0.032540
-0.026738
-0.015772
-0.006237
-0.015984
-0.018328
-0.009549
0.024931
0.059935
0.007153
-0.027819
0.026193
0.069676
0.040567
-0.013577
-0.042911
-0.053517
-0.045691
-0.027076
-0.005861
0.018910
0.029311
0.032552
0.036418
0.034003
0.025900
0.012738
0.004604
-0.005212
-0.012888
-0.012403
-0.010808
-0.012684
-0.013342
-0.006457
0.001934
0.004084
0.002150
0.004366
0.005120
-0.002768
-0.010297
-0.011725
-0.014138
-0.022008
-0.026801
-0.023497
-0.015905
-0.007960
0.000053
0.009715
0.013709
0.010189
0.003132
-0.004776
-0.010582
-0.018927
-0.033457
-0.046992
-0.052455
-0.052263
-0.049631
-0.042102
-0.033177
-0.029858
-0.029378
-0.033310
-0.035968
-0.034142
-0.021512
-0.011575
-0.032886
-0.044581
-0.029404
-0.011947
0.005830
0.016825
0.013159
-0.003866
-0.024281
-0.039020
-0.045603
-0.049697
-0.053210
-0.051342
-0.044842
-0.035898
-0.024826
-0.011824
0.009142
0.034264
0.049148
0.054666
0.052147
0.044476
0.031011
0.014908
0.005336
0.000627
0.004711
0.012261
0.019282
0.026878
0.036812
0.048591
0.055308
0.058097
0.059013
0.061375
0.061984
0.060471
0.058389
0.060242
0.068398
0.072926
0.074633
0.072032
0.062742
0.050652
0.031230
0.017092
0.008123
-0.007217
-0.029269
-0.065577
-0.107429
-0.146242
-0.198875
-0.226342
-0.207048
-0.197818
-0.159907
-0.024561
0.254749
0.597731
0.819146
0.765552
0.351766
-0.177656
-0.512453
-0.636154
-0.583414
-0.393675
-0.190075
-0.038269
0.076132
0.157833
0.191486
0.169963
0.094159
-0.015594
-0.130009
-0.225896
-0.278386
-0.281471
-0.239995
-0.163828
-0.072587
0.010208
0.073346
0.115029
0.135508
0.132716
0.115232
0.093321
0.060315
0.031429
0.017167
0.005689
-0.012354
-0.025267
-0.027624
-0.028133
-0.030516
-0.021607
-0.001621
0.015994
0.043191
0.068170
0.085214
0.100173
0.111755
0.112769
0.104820
0.098636
0.084157
0.068391
0.054331
0.041280
0.024296
0.009356
0.004949
-0.008651
-0.013905
-0.010468
-0.012225
-0.020766
-0.028122
-0.023522
-0.022689
-0.023380
-0.025286
-0.023890
-0.022833
-0.028939
-0.034526
-0.033690
-0.023547
-0.019940
-0.015331
-0.007905
-0.006255
-0.003989
-0.001396
-0.002294
-0.007092
-0.006244
-0.002566
-0.002773
-0.005026
0.001702
0.006789
0.014087
0.020298
0.015622
0.020671
0.021114
0.020751
0.023755
0.022375
0.021556
0.010238
-0.003890
-0.009727
-0.014175
-0.019958
-0.017767
-0.014801
-0.024888
-0.028702
-0.026780
-0.036520
-0.043046
-0.048530
-0.059157
-0.073844
-0.087159
-0.069134
-0.030321
-0.005689
0.006594
0.017366
0.008145
-0.023941
-0.031252
-0.020337
-0.016294
-0.009181
-0.010712
-0.005273
0.012049
0.037011
0.073388
0.107606
0.114138
0.099527
0.093292
0.080849
0.050498
0.012203
-0.028786
-0.069219
-0.107070
-0.134810
-0.119386
-0.073236
-0.041580
-0.033649
-0.035594
-0.023593
0.002639
0.017928
0.016770
0.013151
0.003771
-0.028424
-0.046759
-0.034007
-0.035259
-0.008637
0.050174
0.063418
0.041784
0.033563
0.048151
0.057709
0.048839
0.030889
0.010337
-0.007782
-0.022658
-0.032523
-0.035062
-0.027042
-0.012400
-0.001937
0.005321
0.012547
0.018007
0.024054
0.029051
0.030775
0.031998
0.033259
0.027817
0.015991
0.008182
0.005742
0.002384
-0.002457
-0.001547
0.004746
0.009324
0.009566
0.003538
0.001154
-0.000776
0.004240
-0.003846
-0.013542
-0.005974
-0.017498
-0.011314
-0.001046
-0.005229
-0.009947
-0.014952
-0.008227
-0.002325
0.001686
0.005651
0.010055
0.008189
0.001182
-0.002967
-0.004586
-0.008191
-0.012018
-0.013054
-0.000755
0.006752
-0.006522
-0.008304
-0.006629
-0.009049
-0.008658
-0.007892
-0.009370
-0.011922
-0.008967
-0.008765
-0.013125
-0.015323
-0.011893
-0.005231
-0.007276
-0.007041
-0.002584
-0.006255
-0.006119
-0.006270
-0.006052
-0.004787
-0.005634
-0.004828
-0.004551
-0.005081
-0.003102
0.001634
0.007618
0.009510
0.010526
0.016357
0.023058
0.031286
0.036057
0.033940
0.029097
0.024104
0.017749
0.017073
0.019831
0.017219
0.011309
0.006032
-0.000825
-0.010808
-0.017621
-0.018437
-0.014860
-0.010589
-0.008158
-0.002567
0.004097
0.001640
-0.004982
-0.004973
-0.002048
-0.000365
0.003744
0.004397
0.001857
-0.001978
-0.010770
-0.020188
-0.027155
-0.034937
-0.037722
-0.032789
-0.026399
-0.025185
-0.029450
-0.026980
-0.023915
-0.027879
-0.032039
-0.031401
-0.022642
-0.011529
0.000339
0.014216
0.021731
0.025565
0.026078
0.022240
0.020130
0.018369
0.010160
-0.003620
-0.011108
-0.016095
-0.023515
-0.034198
-0.041964
-0.051028
-0.079044
-0.110394
-0.155523
-0.205169
-0.188370
-0.097209
0.030093
0.150658
0.223873
0.239343
0.216013
0.174840
0.121569
0.070129
0.032825
0.005889
-0.017415
-0.022393
-0.018075
-0.011520
0.005511
0.018900
0.029190
0.033305
0.028677
0.023149
0.012876
-0.001487
-0.020264
-0.033771
-0.034806
-0.038581
-0.038819
-0.033312
-0.032223
-0.022470
0.001001
0.014453
0.016886
0.012454
0.009535
0.020835
0.016557
0.017074
0.027982
0.020771
0.012319
0.003510
0.000399
0.000812
-0.002125
-0.009937
-0.020417
-0.026809
-0.036659
-0.039501
-0.031135
-0.021375
-0.010573
-0.002771
0.002176
0.006852
0.004021
-0.005641
-0.017085
-0.016157
-0.013185
-0.004111
-0.000971
-0.009614
0.003339
-0.001954
-0.017115
-0.015476
-0.020599
-0.038358
-0.040849
-0.041153
-0.050008
-0.033813
-0.005001
0.010178
0.013293
0.017753
0.018800
0.022843
0.024636
0.020525
0.021999
0.021683
0.021830
0.021744
0.019544
0.016057
0.004725
-0.005489
-0.010526
-0.008922
-0.002387
-0.004183
-0.007540
-0.010706
-0.013405
-0.011761
-0.012522
-0.007024
0.007916
0.028601
0.040884
0.033017
0.011727
-0.015070
-0.036244
-0.056485
-0.070752
-0.062118
-0.034003
0.003727
0.047648
0.101308
0.153930
0.213009
0.295960
0.380550
0.435162
0.439124
0.439640
0.431104
0.437224
0.427666
0.436141
0.041874
-0.741041
-0.989707
-0.973480
-0.985110
-0.977712
-0.643453
0.144751
0.597928
0.634105
0.489801
0.339496
0.295504
0.235725
0.102762
-0.003134
0.098921
0.358928
0.555725
0.555131
0.412764
0.223507
-0.006037
-0.244709
-0.427480
-0.516872
-0.473894
-0.321310
-0.136725
0.062734
0.264976
0.435720
0.546633
0.558843
0.439832
0.222976
0.026473
-0.059890
-0.116886
-0.178254
-0.326959
-0.443866
-0.514358
-0.555647
-0.221958
0.062573
0.115794
0.197975
0.210328
0.164268
0.115197
0.089030
0.065961
0.032840
0.004221
0.009886
0.006935
-0.026535
-0.068317
-0.108036
-0.113772
-0.094062
-0.064949
-0.027566
0.017819
0.043419
0.058612
0.082972
0.076029
0.056503
0.037447
0.040035
0.068508
0.055908
0.057524
0.066026
0.038822
0.042660
0.047701
0.017793
-0.028169
-0.079035
-0.110815
-0.097544
-0.092897
-0.118832
-0.126410
-0.107898
-0.066435
-0.048240
-0.057447
-0.050197
-0.023616
-0.016913
-0.020914
0.009549
0.041349
0.045331
0.052945
0.056605
0.046688
0.027187
-0.024260
-0.065412
-0.088056
-0.092888
-0.082108
-0.076962
-0.044240
0.010494
0.045603
0.056492
0.082393
0.126693
0.138056
0.124151
0.131124
0.133186
0.114662
0.107855
0.111448
0.094968
0.081830
0.083254
0.058766
0.020715
-0.012962
-0.045228
-0.063442
-0.059387
-0.054346
-0.063004
-0.061803
-0.042800
-0.017123
0.008927
0.010431
-0.007981
-0.024631
-0.039864
-0.047203
-0.056098
-0.069258
-0.072762
-0.074234
-0.080613
-0.066552
-0.039348
-0.016143
0.002864
0.008144
0.005582
-0.017537
-0.044111
-0.046562
-0.045700
-0.040607
-0.021041
-0.005658
-0.000412
-0.000383
0.000503
0.013402
0.037715
0.056581
0.057037
0.048883
0.043086
0.036929
0.039921
0.046421
0.040692
0.040390
0.040233
0.039288
0.039943
0.039796
0.041576
0.037079
0.026317
0.009987
0.000846
-0.002372
-0.009879
-0.027899
-0.039140
-0.032084
-0.020311
-0.019471
-0.015659
-0.011731
-0.015430
-0.009063
-0.019786
-0.021476
-0.007440
-0.017896
-0.033350
-0.035113
-0.043251
-0.050302
-0.055667
-0.046985
-0.036646
-0.005653
0.018917
-0.004706
0.000054
-0.005230
-0.008675
-0.004202
-0.012489
-0.018205
-0.016186
-0.023695
-0.033784
-0.019916
-0.030883
-0.028744
-0.015394
-0.013385
0.000288
0.018316
0.028979
0.031908
0.026264
0.009560
-0.007392
-0.014810
-0.013874
-0.013944
-0.001289
0.001057
-0.005256
0.011000
0.033948
0.051917
0.057147
0.050393
0.045920
0.041866
0.024373
0.003022
-0.010945
-0.022746
-0.035505
-0.048999
-0.056981
-0.055580
-0.046482
-0.040325
-0.043340
-0.046697
-0.041030
-0.037278
-0.047801
-0.063216
-0.080211
-0.092620
-0.097667
-0.101060
-0.105869
-0.134575
-0.186293
-0.252157
-0.291131
-0.269442
-0.183629
-0.041103
0.260404
0.764161
0.968105
0.980554
0.893499
0.274991
-0.347522
-0.660927
-0.744056
-0.600572
-0.411295
-0.254143
-0.129618
-0.024409
0.017548
-0.004460
-0.064069
-0.154221
-0.234875
-0.261723
-0.230940
-0.148402
-0.031720
0.081676
0.158360
0.199940
0.214948
0.196852
0.160541
0.130110
0.113296
0.095752
0.086896
0.100593
0.114877
0.123589
0.126851
0.115191
0.089832
0.066121
0.038883
0.015885
0.008289
-0.008674
-0.014473
-0.010157
-0.012592
-0.006436
-0.006571
-0.008803
-0.000213
0.019318
0.040700
0.047447
0.040928
0.033916
0.029631
0.013565
-0.012099
-0.027707
-0.039576
-0.059360
-0.079337
-0.093863
-0.103397
-0.117179
-0.123279
-0.116565
-0.102196
-0.079448
-0.062315
-0.050352
-0.039109
-0.035192
-0.027091
-0.002149
0.021773
0.046563
0.068239
0.072512
0.072073
0.062673
0.043027
0.028474
0.022220
0.023104
0.027490
0.028304
0.025346
0.021104
0.010809
0.001689
0.000087
0.000563
-0.001072
-0.008111
-0.016040
-0.024784
-0.031742
-0.028781
-0.025695
-0.027585
-0.032775
-0.045875
-0.055331
-0.056217
-0.061565
-0.068638
-0.058821
-0.027563
0.016588
0.051256
0.061816
0.063034
0.063019
0.058250
0.054401
0.048037
0.040438
0.037214
0.036990
0.047463
0.056279
0.063114
0.068341
0.062140
0.063607
0.069275
0.070866
0.076014
0.077226
0.065785
0.036700
-0.006994
-0.048319
-0.081418
-0.107657
-0.118119
-0.121112
-0.125990
-0.125713
-0.123324
-0.121016
-0.112507
-0.099167
-0.088322
-0.074581
-0.050723
-0.019319
0.016529
0.051659
0.079395
0.087598
0.079032
0.063597
0.042591
0.020285
0.001715
-0.011136
-0.012153
-0.005091
0.000413
-0.012610
-0.025384
-0.012611
-0.010068
-0.011989
-0.010427
-0.011492
-0.011045
-0.010790
-0.011894
-0.012297
-0.015027
-0.006979
-0.000995
-0.006176
0.000953
-0.003773
-0.002762
-0.012944
-0.008138
0.036783
0.055137
0.052826
0.049164
0.043180
0.031236
0.023525
0.023601
0.022553
0.013889
-0.004853
-0.009163
0.000615
0.003103
-0.002427
-0.012244
-0.017183
-0.019887
-0.024950
-0.026511
-0.028595
-0.029610
-0.028806
-0.022497
-0.009881
-0.004026
0.001354
0.019967
0.035294
0.034997
0.031186
0.033181
0.046214
0.056221
0.040737
0.014739
0.002996
0.005960
0.007132
-0.002258
-0.001041
0.015148
0.016373
-0.001315
-0.016858
-0.030866
-0.044313
-0.058008
-0.075333
-0.080711
-0.064522
-0.043478
-0.028024
-0.017286
-0.006829
0.003303
0.009443
0.012217
0.000469
-0.006216
0.007602
0.019782
0.023121
0.018805
0.010593
0.008839
0.014433
0.012972
0.004186
0.000454
-0.001907
-0.006270
-0.009150
-0.009142
-0.005773
-0.010091
-0.014663
-0.010033
-0.003256
0.002299
-0.008902
-0.009024
-0.001288
-0.008716
-0.013554
-0.023386
-0.029013
-0.021291
-0.011066
-0.002999
0.001322
0.004755
0.004491
-0.007527
-0.007203
0.012178
0.025375
0.031957
0.038470
0.046207
0.048450
0.047640
0.047157
0.035243
0.021638
0.009866
-0.011583
-0.022100
-0.016569
-0.013919
-0.015440
-0.014712
-0.005835
0.003251
0.007983
0.015266
0.024498
0.024224
0.008987
-0.008707
-0.017971
-0.016301
-0.016159
-0.015086
-0.011984
-0.014817
-0.015817
-0.014763
-0.012893
-0.014808
-0.015731
-0.014938
-0.016892
-0.015125
-0.013724
-0.021624
-0.031330
-0.035598
-0.028331
-0.025798
-0.039929
-0.047211
-0.049239
-0.049024
-0.038240
-0.023186
-0.014692
-0.010918
-0.004651
0.002181
0.012620
0.020238
0.016427
0.012218
0.001446
-0.014828
-0.020493
-0.015744
-0.012046
-0.005136
0.003401
0.007817
0.019676
0.028517
0.027947
0.024916
0.023855
0.025438
0.030771
0.029348
0.019441
0.018595
0.015366
0.007686
0.013459
0.019535
0.018751
0.024090
0.022778
0.008096
-0.006427
-0.012773
-0.004649
0.005713
0.003872
-0.003298
-0.003789
-0.003471
-0.004258
-0.005152
-0.002871
0.010093
0.023694
0.030328
0.033730
0.038300
0.034058
0.018725
0.013344
0.016592
0.003579
-0.026452
-0.048800
-0.054003
-0.060193
-0.062314
-0.058478
-0.058085
-0.050717
-0.036706
-0.015577
0.008965
0.026310
0.034872
0.038175
0.040039
0.047539
0.055907
0.050514
0.048050
0.055703
0.063677
0.081750
0.109763
0.151073
0.222387
0.300704
0.375310
0.426840
0.411016
0.401283
0.396442
0.399566
0.395213
0.475672
0.224706
-0.596796
-0.983310
-0.980361
-0.977868
-0.985921
-0.698912
0.116282
0.554845
0.518717
0.364246
0.239478
0.239799
0.229409
0.175596
0.137795
0.255619
0.462655
0.515507
0.370841
0.159376
-0.068755
-0.260377
-0.332896
-0.285673
-0.181617
-0.096619
-0.050944
0.026122
0.201924
0.427718
0.571534
0.567703
0.444354
0.267117
0.100080
-0.022587
-0.150027
-0.338835
-0.524203
-0.630042
-0.633643
-0.518620
-0.320805
-0.114972
0.061339
0.193125
0.277965
0.320446
0.325947
0.296999
0.224370
0.126085
0.040120
-0.012779
-0.036942
-0.043436
-0.056226
-0.084924
-0.110140
-0.127915
-0.131737
-0.111677
-0.073409
-0.037787
-0.013398
0.002059
0.008386
0.009227
0.001347
-0.002152
0.015228
0.035779
0.043258
0.046715
0.046649
0.033542
0.012801
-0.007888
-0.030916
-0.044823
-0.047323
-0.059648
-0.083182
-0.098669
-0.098414
-0.096503
-0.086632
-0.075633
-0.078710
-0.067380
-0.051646
-0.048057
-0.037880
-0.021214
-0.006404
0.013693
0.032825
0.031905
0.023813
0.019019
0.014595
0.015355
0.022439
0.048520
0.073692
0.081329
0.081650
0.061095
0.044521
0.043357
0.051916
0.047642
0.033849
0.042590
0.045091
0.042585
0.044021
0.047024
0.050303
0.048908
0.040884
0.036209
0.040400
0.038665
0.042607
0.062429
0.078637
0.066502
0.026477
-0.009810
-0.030892
-0.026623
0.010376
0.025545
0.011000
0.011066
0.012276
0.000099
-0.009105
-0.013061
-0.017740
-0.023244
-0.016251
-0.001646
-0.010296
-0.040756
-0.070763
-0.090023
-0.094480
-0.086466
-0.076046
-0.065215
-0.053257
-0.044499
-0.037160
-0.027558
-0.017192
-0.002664
0.016843
0.022797
0.019122
0.012980
0.016219
0.006745
0.003824
-0.007129
-0.021595
-0.008305
-0.020851
-0.034929
-0.021233
-0.032508
-0.097187
-0.040105
0.070802
0.098675
0.089256
0.063795
0.047482
0.018675
0.005464
0.006531
0.017423
0.026697
0.016047
0.007369
0.002210
-0.001583
-0.006788
-0.005985
-0.001379
-0.009765
-0.006958
-0.006349
-0.012921
-0.005954
-0.006118
-0.004108
0.010768
0.025364
0.033382
-0.035992
-0.120948
-0.090765
-0.062410
-0.059623
-0.022091
0.004013
0.012967
0.019432
0.024711
0.029408
0.035477
0.039089
0.037101
0.024334
0.012431
0.001829
-0.004532
-0.002062
-0.009142
-0.018201
-0.019719
-0.019070
-0.021419
-0.020720
-0.017232
-0.018309
-0.016789
-0.015664
-0.018001
-0.020552
-0.025620
-0.032177
-0.036591
-0.035311
-0.019568
-0.000368
0.004233
-0.002202
-0.004278
-0.000391
-0.000110
0.000492
0.004146
0.010974
0.011268
0.008528
0.008131
0.010188
0.016405
0.011779
0.001034
-0.006171
-0.005301
-0.006202
-0.013085
-0.012691
-0.015323
-0.027635
-0.042417
-0.054712
-0.067343
-0.099073
-0.130126
-0.165469
-0.274713
-0.431330
-0.472403
-0.242783
0.137214
0.425234
0.747471
0.959827
0.981322
0.830329
0.230817
-0.343119
-0.635709
-0.752182
-0.644228
-0.433087
-0.237932
-0.159001
-0.109146
0.030059
0.206991
0.281504
0.230453
0.130958
0.016197
-0.089526
-0.150403
-0.163622
-0.142318
-0.110959
-0.075426
-0.025116
0.026091
0.072965
0.105095
0.120793
0.129732
0.128819
0.123398
0.114258
0.105718
0.089931
0.064906
0.046441
0.028627
0.019470
0.017133
0.005262
-0.009541
-0.019920
-0.038384
-0.071298
-0.080729
-0.065132
-0.066435
-0.075223
-0.066739
-0.053355
-0.048773
-0.045110
-0.030838
-0.014474
-0.005824
0.003457
0.011627
0.015708
0.011618
-0.001440
-0.012819
-0.018750
-0.017111
-0.013189
-0.006402
0.001328
-0.000810
-0.004550
-0.001219
-0.002589
-0.005769
0.004148
0.010346
0.016149
0.026038
0.042647
0.038963
0.029702
0.038285
0.037301
0.059553
0.063146
0.049168
0.042997
0.025472
0.015094
0.008721
0.003945
0.004139
0.002873
-0.006393
-0.015172
-0.017065
-0.011430
0.000911
0.014271
0.015606
0.009364
0.000287
-0.018591
-0.033734
-0.044049
-0.045878
-0.045689
-0.054098
-0.057486
-0.059555
-0.059566
-0.059610
-0.057354
-0.038887
-0.013901
-0.011802
-0.024996
-0.023228
-0.006194
0.011360
0.029525
0.048720
0.066283
0.070529
0.063866
0.063114
0.050907
0.040317
0.028706
-0.021132
-0.086507
-0.137464
-0.165669
-0.163707
-0.144258
-0.115694
-0.087610
-0.064172
-0.044462
-0.023746
-0.000010
0.021424
0.050432
0.062795
0.057002
0.063280
0.053737
0.030934
0.030791
0.037272
0.036554
0.042839
0.053153
0.056893
0.058256
0.055569
0.054327
0.054949
0.055740
0.053587
0.053982
0.066933
0.070970
0.068828
0.059976
0.047612
0.050527
0.049536
0.041353
0.034190
0.026493
0.021347
0.017885
0.014852
0.006379
-0.004137
-0.009078
-0.008673
-0.012217
-0.026942
-0.042733
-0.049082
-0.051855
-0.054348
-0.057061
-0.059245
-0.055666
-0.049854
-0.044291
-0.041862
-0.043069
-0.043498
-0.043997
-0.046827
-0.047551
-0.046308
-0.045111
-0.043900
-0.036394
-0.021535
-0.009868
-0.004609
-0.001994
0.000704
0.000200
-0.002686
-0.004666
-0.006009
-0.012655
-0.018820
-0.015909
-0.006359
0.002669
0.006043
0.011794
0.018099
0.021057
0.025103
0.029355
0.034071
0.035284
0.033477
0.032245
0.032656
0.032817
0.028668
0.025751
0.025947
0.033327
0.040135
0.037258
0.028898
0.018036
0.008274
-0.000222
-0.007761
-0.017345
-0.029682
-0.042739
-0.050421
-0.048392
-0.042302
-0.036459
-0.031191
-0.024748
-0.016853
-0.008755
0.000342
0.007353
0.010361
0.010946
0.012935
0.016826
0.014425
0.004690
-0.001588
0.000839
0.006076
0.008730
0.009049
0.007369
0.008073
0.010068
0.009195
0.008668
0.009236
0.009723
0.009239
0.008663
0.008657
0.009459
0.006075
-0.001969
-0.009741
-0.014757
-0.016715
-0.017075
-0.014246
-0.010332
-0.010060
-0.012264
-0.013926
-0.016331
-0.019350
-0.017308
-0.010660
-0.004459
-0.000279
0.003285
0.005993
0.005133
0.004005
0.004734
0.004626
0.004032
0.006101
0.007665
0.004432
0.000691
0.000865
0.002076
0.000777
-0.005729
-0.017685
-0.032503
-0.045953
-0.049664
-0.044667
-0.035794
-0.025548
-0.015934
-0.008823
-0.007018
-0.008830
-0.012021
-0.014543
-0.015766
-0.018026
-0.020623
-0.018182
-0.009848
-0.002067
0.001145
0.004972
0.012517
0.018743
0.019487
0.015691
0.011507
0.004988
-0.002331
-0.000461
0.009724
0.019161
0.026547
0.036336
0.047033
0.053225
0.051789
0.044051
0.035918
0.031440
0.025493
0.015403
0.002861
-0.011431
-0.022232
-0.031928
-0.040553
-0.037669
-0.023560
-0.006918
0.006338
0.017713
0.027965
0.034155
0.039540
0.040596
0.035822
0.030050
0.022407
0.015593
0.014430
0.010036
-0.000855
-0.005442
-0.003881
-0.000958
0.002694
0.001842
-0.003998
-0.009965
-0.014576
-0.018245
-0.026173
-0.032350
-0.033119
-0.029655
-0.019239
-0.011781
-0.009138
-0.006576
-0.002997
-0.000211
-0.000308
-0.004028
-0.010346
-0.014477
-0.016717
-0.019087
-0.019295
-0.015145
-0.009707
-0.006434
-0.006275
-0.006056
-0.005311
-0.005856
-0.003450
0.000153
0.000090
-0.007398
-0.020413
-0.032469
-0.038913
-0.035424
-0.022326
-0.000119
0.021736
0.036099
0.051027
0.061039
0.059299
0.054138
0.055008
0.062081
0.073069
0.087877
0.109727
0.139506
0.167458
0.195002
0.214415
0.221185
0.211173
0.198908
0.224374
0.255409
0.318667
0.343936
0.444787
-0.001383
-0.847720
-1.007922
-0.953779
-1.005582
-0.925176
-0.197414
0.672088
0.810724
0.461440
0.038867
-0.142863
-0.109541
-0.000433
0.079301
0.192612
0.413803
0.631794
0.735035
0.758226
0.740173
0.613955
0.353478
0.039992
-0.225022
-0.354285
-0.332579
-0.207103
-0.045498
0.116326
0.222809
0.248537
0.220153
0.124458
0.078990
0.081076
0.021650
-0.055977
-0.152309
-0.291359
-0.442562
-0.557013
-0.604306
-0.538777
-0.358523
-0.140750
0.063824
0.200700
0.233013
0.190076
0.111225
0.039608
0.001372
-0.006025
0.016353
0.054172
0.086994
0.105165
0.101479
0.074665
0.044453
0.032884
0.031274
0.049543
0.054790
0.053818
0.038644
0.015231
0.050144
0.013231
-0.011298
0.010798
0.017891
0.008944
-0.026427
0.029837
0.052890
0.028189
0.003404
-0.046605
-0.083774
-0.102080
-0.102434
-0.099698
-0.089381
-0.077049
-0.070908
-0.079637
-0.100784
-0.108114
-0.090726
-0.069943
-0.047484
-0.014567
0.017470
0.036495
0.042254
0.030078
0.010593
0.007577
0.021500
0.031720
0.035314
0.042490
0.047913
0.047455
0.045772
0.046208
0.046000
0.046628
0.045452
0.046956
0.057237
0.065893
0.075111
0.080644
0.080473
0.079750
0.076485
0.071316
0.069145
0.072420
0.067938
0.054591
0.032230
0.000000
0.000000
0.000000
0.000000
0.000000
0.000000
0.000000
0.000000
0.000000
0.000000
0.000000
0.000000
0.000000
0.000000
0.000000
0.000000
0.000000
0.000000
0.000000
0.000000
0.000000
0.000000
0.000000
0.000000
0.000000
0.000000
0.000000
0.000000
0.000000
0.000000
0.000000
0.000000
0.000000
0.000000
0.000000
0.000000
0.000000
0.000000
0.000000
0.000000
0.000000
0.000000
0.000000
0.000000
0.000000
0.000000
0.000000
0.000000
0.000000
0.000000
0.000000
0.000000
0.000000
0.000000
0.000000
0.000000
0.000000
0.000000
0.000000
0.000000
0.000000
0.000000
0.000000
0.000000
0.000000
0.000000
0.000000
0.000000
0.000000
0.000000
0.000000
0.000000
0.000000
0.000000
0.000000
0.000000
0.000000
0.000000
0.000000
0.000000
0.000000
0.000000
0.000000
0.000000
0.000000
0.000000
0.000000
0.000000
0.000000
0.000000
0.000000
0.000000
0.000000
0.000000
0.000000
0.000000
0.000000
0.000000
0.000000
0.000000
0.000000
0.000000
0.000000
0.000000
0.000000
0.000000
0.000000
0.000000
0.000000
0.000000
0.000000
0.000000
0.000000
0.000000
0.000000
0.000000
0.000000
0.000000
0.000000
0.000000
0.000000
0.000000
0.000000
0.000000
0.000000
0.000000
0.000000
0.000000
0.000000
0.000000
0.000000
0.000000
0.000000
0.000000
0.000000
0.000000
0.000000
0.000000
0.000000
0.000000
0.000000
0.000000
0.000000
0.000000
0.000000
0.000000
0.000000
0.000000
0.000000
0.000000
0.000000
0.000000
0.000000
0.000000
0.000000
0.000000
0.000000
0.000000
0.000000
0.000000
0.000000
0.000000
0.000000
0.000000
0.000000
0.000000
0.000000
0.000000
0.000000
0.000000
0.000000
0.000000
0.000000
0.000000
0.000000
0.000000
0.000000
0.000000
0.000000
0.000000
0.000000
0.000000
0.000000
0.000000
0.000000
0.000000
0.000000
0.000000
0.000000
0.000000
0.000000
0.000000
0.000000
0.000000
0.000000
0.000000
0.000000
0.000000
0.000000
0.000000
0.000000
0.000000
0.000000
0.000000
0.000000
0.000000
0.000000
0.000000
0.000000
0.000000
0.000000
0.000000
0.000000
0.000000
0.000000
0.000000
0.000000
0.000000
0.000000
0.000000
0.000000
0.000000
0.000000
0.000000
0.000000
0.000000
0.000000
0.000000
0.000000
0.000000
0.000000
0.000000
0.000000
0.000000
0.000000
0.000000
0.000000
0.000000
0.000000
0.000000
0.000000
0.000000
0.000000
0.000000
0.000000
0.000000
0.000000
0.000000
0.000000
0.000000
0.000000
0.000000
0.000000
0.000000
0.000000
0.000000
0.000000
0.000000
0.000000
0.000000
0.000000
0.000000
0.000000
0.000000
0.000000
0.000000
0.000000
0.000000
0.000000
0.000000
0.000000
0.000000
0.000000
0.000000
0.000000
0.000000
0.000000
0.000000
0.000000
0.000000
0.000000
0.000000
0.000000
0.000000
0.000000
0.000000
0.000000
0.000000
0.000000
0.000000
0.000000
0.000000
0.000000
0.000000
0.000000
0.000000
0.000000
0.000000
0.000000
0.000000
0.000000
0.000000
0.000000
0.000000
0.000000
0.000000
0.000000
0.000000
0.000000
0.000000
0.000000
0.000000
0.000000
0.000000
0.000000
0.000000
0.000000
0.000000
0.000000
0.000000
0.000000
0.000000
0.000000
0.000000
0.000000
0.000000
0.000000
0.000000
0.000000
0.000000
0.000000
0.000000
0.000000
0.000000
0.000000
0.000000
0.000000
0.000000
0.000000
0.000000
0.000000
0.000000
0.000000
0.000000
0.000000
0.000000
0.000000
0.000000
0.000000
0.000000
0.000000
0.000000
0.000000
0.000000
0.000000
0.000000
0.000000
0.000000
0.000000
0.000000
0.000000
0.000000
0.000000
0.000000
0.000000
0.000000
0.000000
0.000000
0.000000
0.000000
0.000000
0.000000
0.000000
0.000000
0.000000
0.000000
0.000000
0.000000
0.000000
0.000000
0.000000
0.000000
0.000000
0.000000
0.000000
0.000000
0.000000
0.000000
0.000000
0.000000
0.000000
0.000000
0.000000
0.000000
0.000000
0.000000
0.000000
0.000000
0.000000
0.000000
0.000000
0.000000
0.000000
0.000000
0.000000
0.000000
0.000000
0.000000
0.000000
0.000000
0.000000
0.000000
0.000000
0.000000
0.000000
0.000000
0.000000
0.000000
0.000000
0.000000
0.000000
0.000000
0.000000
0.000000
0.000000
0.000000
0.000000
0.000000
0.000000
0.000000
0.000000
0.000000
0.000000
0.000000
0.000000
0.000000
0.000000
0.000000
0.000000
0.000000
0.000000
0.000000
0.000000
0.000000
0.000000
0.000000
0.000000
0.000000
0.000000
0.000000
0.000000
0.000000
0.000000
0.000000
0.000000
0.000000
0.000000
0.000000
0.000000
0.000000
0.000000
0.000000
0.000000
0.000000
0.000000
0.000000
0.000000
0.000000
0.000000
0.000000
0.000000
0.000000
0.000000
0.000000
0.000000
0.000000
0.000000
0.000000
0.000000
0.000000
0.000000
0.000000
0.000000
0.000000
0.000000
0.000000
0.000000
0.000000
0.000000
0.000000
0.000000
0.000000
0.000000
0.000000
0.000000
0.000000
0.000000
0.000000
0.000000
0.000000
0.000000
0.000000
0.000000
0.000000
0.000000
0.000000
0.000000
0.000000
0.000000
0.000000
0.000000
0.000000
0.000000
0.000000
0.000000
0.000000
0.000000
0.000000
0.000000
0.000000
0.000000
0.000000
0.000000
0.000000
0.000000
0.000000
0.000000
0.000000
0.000000
0.000000
0.000000
0.000000
0.000000
0.000000
0.000000
0.000000
0.000000
0.000000
0.000000
0.000000
0.000000
0.000000
0.000000
0.000000
0.000000
0.000000
0.000000
0.000000
0.000000
0.000000
0.000000
0.000000
0.000000
0.000000
0.000000
0.000000
0.000000
0.000000
0.000000
0.000000
0.000000
0.000000
0.000000
0.000000
0.000000
0.000000
0.000000
0.000000
0.000000
0.000000
0.000000
0.000000
0.000000
0.000000
0.000000
0.000000
0.000000
0.000000
0.000000
0.000000
0.000000
0.000000
0.000000
0.000000
0.000000
0.000000
0.000000
0.000000
0.000000
0.000000
0.000000
0.000000
0.000000
0.000000
0.000000
0.000000
0.000000
0.000000
0.000000
0.000000
0.000000
0.000000
0.000000
0.000000
0.000000
0.000000
0.000000
0.000000
0.000000
0.000000
0.000000
0.000000
0.000000
0.000000
0.000000
0.000000
0.000000
0.000000
0.000000
0.000000
0.000000
0.000000
0.000000
0.000000
0.000000
0.000000
0.000000
0.000000
0.000000
0.000000
0.000000
0.000000
0.000000
0.000000
0.000000
0.000000
0.000000
0.000000
0.000000
0.000000
0.000000
0.000000
0.000000
0.000000
0.000000
0.000000
0.000000
0.000000
0.000000
0.000000
0.000000
0.000000
0.000000
0.000000
0.000000
0.000000
0.000000
0.000000
0.000000
0.000000
0.000000
0.000000
0.000000
0.000000
0.000000
0.000000
0.000000
0.000000
0.000000
0.000000
0.000000
0.000000
0.000000
0.000000
0.000000
0.000000
0.000000
0.000000
0.000000
0.000000
0.000000
0.000000
0.000000
0.000000
0.000000
0.000000
0.000000
0.000000
0.000000
0.000000
0.000000
0.000000
0.000000
0.000000
0.000000
0.000000
0.000000
0.000000
0.000000
0.000000
0.000000
0.000000
0.000000
0.000000
0.000000
0.000000
0.000000
0.000000
0.000000
0.000000
0.000000
0.000000
0.000000
0.000000
0.000000
0.000000
0.000000
0.000000
0.000000
0.000000
0.000000
0.000000
0.000000
0.000000
0.000000
0.000000
0.000000
0.000000
0.000000
0.000000
0.000000
0.000000
0.000000
0.000000
0.000000
0.000000
0.000000
0.000000
0.000000
0.000000
0.000000
0.000000
0.000000
0.000000
0.000000
0.000000
0.000000
0.000000
0.000000
0.000000
0.000000
0.000000
0.000000
0.000000
0.000000
0.000000
0.000000
0.000000
0.000000
0.000000
0.000000
0.000000
0.000000
0.000000
0.000000
0.000000
0.000000
0.000000
0.000000
0.000000
0.000000
0.000000
0.000000
0.000000
0.000000
0.000000
0.000000
0.000000
0.000000
0.000000
0.000000
0.000000
0.000000
0.000000
0.000000
0.000000
0.000000
0.000000
0.000000
0.000000
0.000000
0.000000
0.000000
0.000000
0.000000
0.000000
0.000000
0.000000
0.000000
0.000000
0.000000
0.000000
0.000000
0.000000
0.000000
0.000000
0.000000
0.000000
0.000000
0.000000
0.000000
0.000000
0.000000
0.000000
0.000000
0.000000
0.000000
0.000000
0.000000
0.000000
0.000000
0.000000
0.000000
0.000000
0.000000
0.000000
0.000000
0.000000
0.000000
0.000000
0.000000
0.000000
0.000000
0.000000
0.000000
0.000000
0.000000
0.000000
0.000000
0.000000
0.000000
0.000000
0.000000
0.000000
0.000000
0.000000
0.000000
0.000000
0.000000
0.000000
0.000000
0.000000
0.000000
0.000000
0.000000
0.000000
0.000000
0.000000
0.000000
0.000000
0.000000
0.000000
0.000000
0.000000
0.000000
0.000000
0.000000
0.000000
0.000000
0.000000
0.000000
0.000000
0.000000
0.000000
0.000000
0.000000
0.000000
0.000000
0.000000
0.000000
0.000000
0.000000
0.000000
0.000000
0.000000
0.000000
0.000000
0.000000
0.000000
0.000000
0.000000
0.000000
0.000000
0.000000
0.000000
0.000000
0.000000
0.000000
0.000000
0.000000
0.000000
0.000000
0.000000
0.000000
0.000000
0.000000
0.000000
0.000000
0.000000
0.000000
0.000000
0.000000
0.000000
0.000000
0.000000
0.000000
0.000000
0.000000
0.000000
0.000000
0.000000
0.000000
0.000000
0.000000
0.000000
0.000000
0.000000
0.000000
0.000000
0.000000
0.000000
0.000000
0.000000
0.000000
0.000000
0.000000
0.000000
0.000000
0.000000
0.000000
0.000000
0.000000
0.000000
0.000000
0.000000
0.000000
0.000000
0.000000
0.000000
0.000000
0.000000
0.000000
0.000000
0.000000
0.000000
0.000000
0.000000
0.000000
0.000000
0.000000
0.000000
0.000000
0.000000
0.000000
0.000000
0.000000
0.000000
0.000000
0.000000
0.000000
0.000000
0.000000
0.000000
0.000000
0.000000
0.000000
0.000000
0.000000
0.000000
0.000000
0.000000
0.000000
0.000000
0.000000
0.000000
0.000000
0.000000
0.000000
0.000000
0.000000
0.000000
0.000000
0.000000
0.000000
0.000000
0.000000
0.000000
0.000000
0.000000
0.000000
0.000000
0.000000
0.000000
0.000000
0.000000
0.000000
0.000000
0.000000
0.000000
0.000000
0.000000
0.000000
0.000000
0.000000
0.000000
0.000000
0.000000
0.000000
0.000000
0.000000
0.000000
0.000000
0.000000
0.000000
0.000000
0.000000
0.000000
0.000000
0.000000
0.000000
0.000000
0.000000
0.000000
0.000000
0.000000
0.000000
0.000000
0.000000
0.000000
0.000000
0.000000
0.000000
0.000000
0.000000
0.000000
0.000000
0.000000
0.000000
0.000000
0.000000
0.000000
0.000000
0.000000
0.000000
0.000000
0.000000
0.000000
0.000000
0.000000
0.000000
0.000000
0.000000
0.000000
0.000000
0.000000
0.000000
0.000000
0.000000
0.000000
0.000000
0.000000
0.000000
0.000000
0.000000
0.000000
0.000000
0.000000
0.000000
0.000000
0.000000
0.000000
0.000000
0.000000
0.000000
0.000000
0.000000
0.000000
0.000000
0.000000
0.000000
0.000000
0.000000
0.000000
0.000000
0.000000
0.000000
0.000000
0.000000
0.000000
0.000000
0.000000
0.000000
0.000000
0.000000
0.000000
0.000000
0.000000
0.000000
0.000000
0.000000
0.000000
0.000000
0.000000
0.000000
0.000000
0.000000
0.000000
0.000000
0.000000
0.000000
0.000000
0.000000
0.000000
0.000000
0.000000
0.000000
0.000000
0.000000
0.000000
0.000000
0.000000
0.000000
0.000000
0.000000
0.000000
0.000000
0.000000
0.000000
0.000000
0.000000
0.000000
0.000000
0.000000
0.000000
0.000000
0.000000
0.000000
0.000000
0.000000
0.000000
0.000000
0.000000
0.000000
0.000000
0.000000
0.000000
0.000000
0.000000
0.000000
0.000000
0.000000
0.000000
0.000000
0.000000
0.000000
0.000000
0.000000
0.000000
0.000000
0.000000
0.000000
0.000000
0.000000
0.000000
0.000000
0.000000
0.000000
0.000000
0.000000
0.000000
0.000000
0.000000
0.000000
0.000000
0.000000
0.000000
0.000000
0.000000
0.000000
0.000000
0.000000
0.000000
0.000000
0.000000
0.000000
0.000000
0.000000
0.000000
0.000000
0.000000
0.000000
0.000000
0.000000
0.000000
0.000000
0.000000
0.000000
0.000000
0.000000
0.000000
0.000000
0.000000
0.000000
0.000000
0.000000
0.000000
0.000000
0.000000
0.000000
0.000000
0.000000
0.000000
0.000000
0.000000
0.000000
0.000000
0.000000
0.000000
0.000000
0.000000
0.000000
0.000000
0.000000
0.000000
0.000000
0.000000
0.000000
0.000000
0.000000
0.000000
0.000000
0.000000
0.000000
0.000000
0.000000
0.000000
0.000000
0.000000
0.000000
0.000000
0.000000
0.000000
0.000000
0.000000
0.000000
0.000000
0.000000
0.000000
0.000000
0.000000
0.000000
0.000000
0.000000
0.000000
0.000000
0.000000
0.000000
0.000000
0.000000
0.000000
0.000000
0.000000
0.000000
0.000000
0.000000
0.000000
0.000000
0.000000
0.000000
0.000000
0.000000
0.000000
0.000000
0.000000
0.000000
0.000000
0.000000
0.000000
0.000000
0.000000
0.000000
0.000000
0.000000
0.000000
0.000000
0.000000
0.000000
0.000000
0.000000
0.000000
0.000000
0.000000
0.000000
0.000000
0.000000
0.000000
0.000000
0.000000
0.000000
0.000000
0.000000
0.000000
0.000000
0.000000
0.000000
0.000000
0.000000
0.000000
0.000000
0.000000
0.000000
0.000000
0.000000
0.000000
0.000000
0.000000
0.000000
0.000000
0.000000
0.000000
0.000000
0.000000
0.000000
0.000000
0.000000
0.000000
0.000000
0.000000
0.000000
0.000000
0.000000
0.000000
0.000000
0.000000
0.000000
0.000000
0.000000
0.000000
0.000000
0.000000
0.000000
0.000000
0.000000
0.000000
0.000000
0.000000
0.000000
0.000000
0.000000
0.000000
0.000000
0.000000
0.000000
0.000000
0.000000
0.000000
0.000000
0.000000
0.000000
0.000000
0.000000
0.000000
0.000000
0.000000
0.000000
0.000000
0.000000
0.000000
0.000000
0.000000
0.000000
0.000000
0.000000
0.000000
0.000000
0.000000
0.000000
0.000000
0.000000
0.000000
0.000000
0.000000
0.000000
0.000000
0.000000
0.000000
0.000000
0.000000
0.000000
0.000000
0.000000
0.000000
0.000000
0.000000
0.000000
0.000000
0.000000
0.000000
0.000000
0.000000
0.000000
0.000000
0.000000
0.000000
0.000000
0.000000
0.000000
0.000000
0.000000
0.000000
0.000000
0.000000
0.000000
0.000000
0.000000
0.000000
0.000000
0.000000
0.000000
0.000000
0.000000
0.000000
0.000000
0.000000
0.000000
0.000000
0.000000
0.000000
0.000000
0.000000
0.000000
0.000000
0.000000
0.000000
0.000000
0.000000
0.000000
0.000000
0.000000
0.000000
0.000000
0.000000
0.000000
0.000000
0.000000
0.000000
0.000000
0.000000
0.000000
0.000000
0.000000
0.000000
0.000000
0.000000
0.000000
0.000000
0.000000
0.000000
0.000000
0.000000
0.000000
0.000000
0.000000
0.000000
0.000000
0.000000
0.000000
0.000000
0.000000
0.000000
0.000000
0.000000
0.000000
0.000000
0.000000
0.000000
0.000000
0.000000
0.000000
0.000000
0.000000
0.000000
0.000000
0.000000
0.000000
0.000000
0.000000
0.000000
0.000000
0.000000
0.000000
0.000000
0.000000
0.000000
0.000000
0.000000
0.000000
0.000000
0.000000
0.000000
0.000000
0.000000
0.000000
0.000000
0.000000
0.000000
0.000000
0.000000
0.000000
0.000000
0.000000
0.000000
0.000000
0.000000
0.000000
0.000000
0.000000
0.000000
0.000000
0.000000
0.000000
0.000000
0.000000
0.000000
0.000000
0.000000
0.000000
0.000000
0.000000
0.000000
0.000000
0.000000
0.000000
0.000000
0.000000
0.000000
0.000000
0.000000
0.000000
0.000000
0.000000
0.000000
0.000000
0.000000
0.000000
0.000000
0.000000
0.000000
0.000000
0.000000
0.000000
0.000000
0.000000
0.000000
0.000000
0.000000
0.000000
0.000000
0.000000
0.000000
0.000000
0.000000
0.000000
0.000000
0.000000
0.000000
0.000000
0.000000
0.000000
0.000000
0.000000
0.000000
0.000000
0.000000
0.000000
0.000000
0.000000
0.000000
0.000000
0.000000
0.000000
0.000000
0.000000
0.000000
0.000000
0.000000
0.000000
0.000000
0.000000
0.000000
0.000000
0.000000
0.000000
0.000000
0.000000
0.000000
0.000000
0.000000
0.000000
0.000000
0.000000
0.000000
0.000000
0.000000
0.000000
0.000000
0.000000
0.000000
0.000000
0.000000
0.000000
0.000000
0.000000
0.000000
0.000000
0.000000
0.000000
0.000000
0.000000
0.000000
0.000000
0.000000
0.000000
0.000000
0.000000
0.000000
0.000000
0.000000
0.000000
0.000000
0.000000
0.000000
0.000000
0.000000
0.000000
0.000000
0.000000
0.000000
0.000000
0.000000
0.000000
0.000000
0.000000
0.000000
0.000000
0.000000
0.000000
0.000000
0.000000
0.000000
0.000000
0.000000
0.000000
0.000000
0.000000
0.000000
0.000000
0.000000
0.000000
0.000000
0.000000
0.000000
0.000000
0.000000
0.000000
0.000000
0.000000
0.000000
0.000000
0.000000
0.000000
0.000000
0.000000
0.000000
0.000000
0.000000
0.000000
0.000000
0.000000
0.000000
0.000000
0.000000
0.000000
0.000000
0.000000
0.000000
0.000000
0.000000
0.000000
0.000000
0.000000
0.000000
0.000000
0.000000
0.000000
0.000000
0.000000
0.000000
0.000000
0.000000
0.000000
0.000000
0.000000
0.000000
0.000000
0.000000
0.000000
0.000000
0.000000
0.000000
0.000000
0.000000
0.000000
0.000000
0.000000
0.000000
0.000000
0.000000
0.000000
0.000000
0.000000
0.000000
0.000000
0.000000
0.000000
0.000000
0.000000
0.000000
0.000000
0.000000
0.000000
0.000000
0.000000
0.000000
0.000000
0.000000
0.000000
0.000000
0.000000
0.000000
0.000000
0.000000
0.000000
0.000000
0.000000
0.000000
