-0.012441
0.002931
0.016672
0.024791
0.027265
0.024740
0.020827
0.020245
0.017204
0.012852
0.012591
0.013580
0.015896
0.013369
0.002710
-0.014972
-0.029056
-0.031692
-0.031528
-0.026354
-0.018114
-0.013664
-0.010639
-0.008983
-0.008682
-0.008527
-0.008427
-0.008057
-0.008037
-0.007305
-0.006737
-0.005898
-0.000969
0.007856
0.017832
0.022902
0.022199
0.018515
0.012106
0.002163
-0.010937
-0.019909
-0.024024
-0.024962
-0.023012
-0.021847
-0.021771
-0.021168
-0.018050
-0.013899
-0.007497
-0.000698
0.001797
0.002268
0.006423
0.010454
0.009028
0.004288
-0.003418
-0.007861
-0.006641
-0.004264
-0.003992
-0.006770
-0.006613
-0.005615
-0.008853
-0.016632
-0.025845
-0.027803
-0.024492
-0.018950
-0.015231
-0.016492
-0.020047
-0.021240
-0.014392
-0.000579
0.014681
0.024158
0.027701
0.027323
0.024956
0.021267
0.017801
0.015344
0.012836
0.017249
0.025083
0.030298
0.033732
0.035266
0.034676
0.028045
0.018054
0.007100
-0.003786
-0.012336
-0.018365
-0.020509
-0.025516
-0.035153
-0.050536
-0.071250
-0.094827
-0.130274
-0.189529
-0.288540
-0.379914
-0.467584
-0.417008
-0.132951
0.151572
0.597794
0.955836
0.980985
0.822277
0.241854
-0.339687
-0.595385
-0.589977
-0.333235
-0.015118
0.194979
0.262502
0.286152
0.266148
0.178347
0.047318
-0.089614
-0.209636
-0.296966
-0.332965
-0.320783
-0.271527
-0.196599
-0.109014
-0.021592
0.048508
0.096383
0.124302
0.128543
0.111117
0.082217
0.048346
0.016404
-0.004843
-0.021153
-0.035587
-0.040618
-0.036958
-0.029265
-0.019620
-0.007684
0.004009
0.008388
0.016272
0.036014
0.047892
0.047625
0.041880
0.035578
0.038639
0.037429
0.027544
0.026561
0.027931
0.016952
-0.000451
-0.015236
-0.030944
-0.051069
-0.064767
-0.072644
-0.084123
-0.091390
-0.092876
-0.091955
-0.085488
-0.075265
-0.064276
-0.054685
-0.040867
-0.028713
-0.020943
-0.003198
0.013400
0.025488
0.042625
0.052579
0.063554
0.068727
0.090636
0.095832
0.073839
0.089998
0.082443
0.067896
0.067524
0.062558
0.060245
0.050724
0.040103
0.029409
0.021302
0.007591
-0.005225
-0.011988
-0.013705
-0.008859
-0.004595
-0.005730
-0.007486
-0.008954
-0.015263
-0.022795
-0.027610
-0.033570
-0.042205
-0.050680
-0.054876
-0.060841
-0.070515
-0.075731
-0.074832
-0.071730
-0.067912
-0.061769
-0.057158
-0.051957
-0.041508
-0.035373
-0.035220
-0.039661
-0.041742
-0.033321
-0.016338
0.007763
0.027723
0.046381
0.067965
0.086857
0.097397
0.094101
0.077328
0.055861
0.027383
-0.013048
-0.034331
-0.030720
-0.027148
-0.031427
-0.041119
-0.050207
-0.052722
-0.047300
-0.040365
-0.035170
-0.028081
-0.019310
-0.012199
-0.008254
-0.002380
0.003682
0.005114
0.006543
0.011437
0.018787
0.026037
0.037164
0.050168
0.062173
0.069836
0.067905
0.061648
0.056593
0.052257
0.050243
0.049976
0.046948
0.041250
0.032242
0.024277
0.018168
0.010386
0.001361
-0.007393
-0.009634
-0.008413
-0.005818
-0.002328
-0.003514
-0.004698
-0.007684
-0.012833
-0.017337
-0.027614
-0.036574
-0.037518
-0.034257
-0.027900
-0.019536
-0.009618
-0.003862
-0.004076
-0.005598
-0.008957
-0.012449
-0.012704
-0.012461
-0.009769
-0.004347
-0.003627
-0.008370
-0.013973
-0.019036
-0.020983
-0.020191
-0.019661
-0.019505
-0.017104
-0.013952
-0.012956
-0.016047
-0.019618
-0.012430
-0.010679
-0.017514
-0.017920
-0.017057
-0.015751
-0.013313
-0.011554
-0.007017
-0.000884
0.001569
0.001323
0.000818
0.003287
0.008855
0.010459
0.008822
0.007722
0.008391
0.009790
0.010228
0.014122
0.017149
0.016618
0.019633
0.024751
0.026614
0.022534
0.014659
0.004535
-0.006335
-0.016114
-0.021598
-0.019374
-0.013240
-0.009024
-0.006912
0.001025
0.012916
0.022074
0.026734
0.028768
0.029400
0.027529
0.027266
0.027605
0.027666
0.027532
0.027685
0.027497
0.025104
0.020443
0.014048
0.009094
0.004109
0.002447
0.003348
0.000448
-0.007106
-0.016982
-0.023940
-0.027310
-0.028096
-0.029154
-0.032065
-0.037849
-0.043070
-0.039403
-0.030042
-0.020801
-0.012054
-0.007764
-0.011291
-0.016386
-0.015628
-0.009894
-0.002099
0.004632
0.010034
0.014847
0.019935
0.024888
0.028379
0.031958
0.032922
0.028817
0.019714
0.010433
0.001982
-0.006441
-0.009951
-0.009155
-0.008166
-0.008451
-0.011430
-0.016246
-0.017531
-0.012488
-0.003743
0.001514
0.000845
-0.001630
-0.002350
-0.003436
-0.006409
-0.009076
-0.011191
-0.009723
-0.007741
-0.006741
-0.003749
-0.003426
-0.006098
-0.010564
-0.016501
-0.020106
-0.022757
-0.023371
-0.019200
-0.012440
-0.006799
-0.000417
0.008620
0.018426
0.025733
0.026075
0.020375
0.011929
0.007585
0.006807
0.004851
-0.001757
-0.009369
-0.010630
-0.008130
-0.003711
0.000165
0.003813
0.004611
-0.003923
-0.012051
-0.012808
-0.010462
-0.009272
-0.015937
-0.021199
-0.019548
-0.016331
-0.017324
-0.022800
-0.019844
-0.012627
-0.014657
-0.024146
-0.026682
-0.019321
-0.010195
-0.003559
0.001442
0.005195
0.006291
0.006923
0.002780
-0.000493
0.005265
0.009175
0.006201
0.001913
-0.002564
-0.007852
-0.011595
-0.013674
-0.014017
-0.004072
0.015799
0.037527
0.055683
0.065000
0.069627
0.067344
0.067460
0.070264
0.077477
0.111908
0.155008
0.210599
0.264745
0.307115
0.339090
0.329321
0.347765
0.368978
0.402293
0.477366
0.421769
0.278788
-0.323093
-0.953623
-1.001653
-0.960310
-1.000045
-0.893667
0.058843
0.930393
0.969382
0.765044
0.278119
-0.280481
-0.635642
-0.625846
-0.397107
-0.074430
0.350635
0.677994
0.818656
0.796940
0.713724
0.615345
0.409784
0.131953
-0.100443
-0.247915
-0.303491
-0.259425
-0.111083
0.086252
0.256507
0.351327
0.377268
0.378430
0.354658
0.263321
0.103963
-0.097562
-0.338586
-0.579497
-0.744367
-0.822562
-0.773015
-0.558902
-0.285592
-0.046435
0.106938
0.155156
0.129225
0.064990
0.000412
-0.028356
-0.008763
0.044679
0.108581
0.158779
0.187063
0.176402
0.133211
0.092584
0.058995
0.042330
0.047417
0.060133
0.066521
0.064627
0.047376
0.008524
-0.028774
-0.062507
-0.076747
-0.089367
-0.087067
-0.120772
-0.113563
0.130523
0.226519
0.064003
0.027624
0.053733
0.004552
-0.050889
-0.081661
-0.102409
-0.106548
-0.098246
-0.078347
-0.046479
-0.031078
-0.032875
-0.045320
-0.053821
-0.057264
-0.070722
-0.082644
-0.080646
-0.053529
-0.026270
-0.005205
0.022399
0.033311
0.027698
0.020064
0.020533
0.031190
0.045224
0.070492
0.093895
0.097727
0.081645
0.057480
0.053009
0.055099
0.049610
0.045868
0.037733
0.020976
0.013169
0.024864
0.030358
0.022737
0.014018
0.001908
-0.007851
-0.013082
-0.010850
0.002621
0.015811
0.017570
0.002625
-0.014113
-0.024289
-0.033547
-0.035601
-0.035946
-0.034882
-0.032421
-0.036655
-0.042458
-0.042449
-0.031861
-0.013511
0.008329
0.028022
0.032947
0.022054
0.010362
-0.001972
-0.013593
-0.007957
0.007307
0.013579
0.017055
0.026297
0.030549
0.024444
0.011963
-0.004319
-0.013291
-0.006824
0.001907
-0.001560
-0.009259
-0.010754
-0.006997
-0.001610
0.004106
0.010625
0.009950
0.001820
-0.002578
-0.004552
-0.005774
-0.005493
-0.005769
-0.005190
-0.008246
-0.011163
-0.011331
-0.011065
-0.006704
-0.000574
0.004071
0.009063
0.013120
0.009726
0.001897
-0.009616
-0.023570
-0.025712
-0.022346
-0.023514
-0.021734
-0.015439
-0.006262
0.002100
0.009380
0.016034
0.016395
0.007495
-0.004312
-0.014799
-0.023393
-0.027651
-0.027913
-0.023346
-0.013998
-0.006696
-0.007801
-0.010859
-0.010570
-0.009229
-0.010827
-0.016949
-0.028823
-0.042563
-0.055990
-0.062981
-0.061416
-0.060920
-0.055968
-0.043774
-0.026278
-0.005569
0.009383
0.021280
0.032446
0.037640
0.037734
0.033676
0.025941
0.016386
0.011393
0.005795
0.003656
-0.001095
-0.005066
0.000829
-0.001226
0.001159
0.002492
0.001044
0.005099
0.008140
0.011718
0.014159
0.018462
0.028386
0.038767
0.044427
0.049722
0.053126
0.053112
0.051767
0.049617
0.044996
0.031738
0.017228
0.005927
-0.004677
-0.017809
-0.042879
-0.077404
-0.126428
-0.197884
-0.274073
-0.318482
-0.323232
-0.266863
-0.083395
0.202810
0.627069
0.943737
0.978481
0.734473
0.106180
-0.404369
-0.599993
-0.644892
-0.509215
-0.305816
-0.138444
-0.006359
0.123179
0.197390
0.176641
0.074385
-0.069560
-0.198544
-0.276214
-0.300965
-0.274966
-0.201051
-0.100358
0.003471
0.095886
0.163859
0.198554
0.199203
0.176154
0.146051
0.116240
0.085261
0.052387
0.023488
0.000382
-0.018133
-0.029948
-0.036016
-0.037059
-0.035635
-0.035467
-0.036210
-0.034242
-0.029234
-0.026049
-0.022728
-0.014698
0.000442
0.017329
0.026631
0.030597
0.033104
0.036281
0.035824
0.030833
0.023982
0.013333
0.005480
0.001696
-0.003048
-0.006854
-0.009333
-0.007755
-0.012180
-0.026205
-0.030771
-0.035061
-0.048722
-0.060661
-0.062575
-0.056250
-0.047383
-0.036164
-0.025811
-0.011840
0.007700
0.022324
0.033172
0.045456
0.050690
0.052776
0.059684
0.060214
0.057151
0.058194
0.055118
0.048755
0.042510
0.039592
0.041775
0.041936
0.041001
0.041899
0.041893
0.039131
0.036365
0.028573
0.014005
0.001600
-0.008878
-0.016310
-0.020294
-0.016937
-0.009947
-0.017687
-0.031123
-0.035826
-0.042784
-0.052605
-0.058750
-0.062206
-0.062323
-0.061559
-0.061802
-0.063902
-0.062122
-0.052767
-0.039412
-0.025362
-0.017943
-0.019944
-0.024352
-0.027045
-0.028331
-0.026119
-0.022100
-0.017622
-0.008679
0.006432
0.025588
0.037957
0.048346
0.068925
0.090239
0.107998
0.113295
0.102785
0.080769
0.049869
0.020359
-0.011171
-0.041399
-0.065053
-0.086232
-0.105420
-0.119168
-0.118832
-0.110125
-0.097511
-0.077106
-0.048357
-0.022529
-0.005862
0.007520
0.016957
0.020600
0.019260
0.018207
0.009878
-0.003798
-0.008221
-0.003407
0.005760
0.013229
0.018716
0.025352
0.029600
0.032734
0.036164
0.039453
0.036950
0.031177
0.033693
0.033867
0.029888
0.030999
0.034121
0.035369
0.033286
0.029184
0.029622
0.028089
0.027729
0.030569
0.029937
0.033522
0.033164
0.029466
0.025200
0.019782
0.011710
0.007443
0.006464
-0.008404
-0.011837
-0.007849
-0.019466
-0.024870
-0.030863
-0.041205
-0.042367
-0.040419
-0.031347
-0.020345
-0.040710
-0.094906
-0.126249
-0.100671
-0.048880
-0.007178
0.028707
0.073466
0.113445
0.123405
0.095115
0.045026
-0.008354
-0.054559
-0.082564
-0.090023
-0.080143
-0.060853
-0.040555
-0.025812
-0.012874
-0.000094
0.003456
-0.000011
-0.006126
-0.009549
-0.014200
-0.017306
-0.013895
-0.012177
-0.003217
0.018776
0.042542
0.063685
0.083785
0.094144
0.085082
0.068724
0.059309
0.053030
0.044987
0.035149
0.024250
0.013784
0.003153
-0.004386
-0.003462
-0.001366
-0.000419
0.000117
-0.002818
-0.009388
-0.019937
-0.031787
-0.043781
-0.049903
-0.053497
-0.059274
-0.059205
-0.052659
-0.044566
-0.036962
-0.030419
-0.026317
-0.024526
-0.021899
-0.015484
-0.009914
-0.002832
0.003475
-0.000358
-0.002919
0.000468
0.002907
0.005558
0.007640
0.010968
0.018120
0.021940
0.021804
0.021781
0.021627
0.021514
0.016546
0.007727
-0.002085
-0.014462
-0.022257
-0.023503
-0.023807
-0.026032
-0.021346
-0.004895
0.013229
0.029624
0.037430
0.030562
0.021725
0.014147
0.000435
-0.006905
-0.006519
-0.013596
-0.027602
-0.037122
-0.037243
-0.036486
-0.036698
-0.026860
-0.015060
-0.015693
-0.014188
-0.002975
0.005893
0.010221
0.014203
0.016534
0.017209
0.014745
0.014531
0.016635
0.014507
0.013906
0.013073
0.011120
-0.000349
-0.017469
-0.023620
-0.021202
-0.015232
-0.018218
-0.017534
-0.007544
-0.003492
-0.003253
-0.003711
-0.000490
-0.001831
-0.000997
-0.001700
0.010184
-0.023572
-0.115469
-0.067474
0.052094
0.079539
0.088174
0.091800
0.058993
0.017353
-0.019015
-0.048879
-0.065062
-0.070479
-0.063273
-0.046592
-0.021296
0.014282
0.053130
0.092210
0.131357
0.185269
0.252297
0.326341
0.407874
0.503008
0.598584
0.668617
0.714116
0.665480
0.416629
-0.326282
-0.960626
-0.997178
-0.964129
-0.997587
-0.946551
-0.285761
0.595417
0.934724
0.778957
0.426792
0.221394
0.181555
0.153833
0.072884
0.063797
0.223747
0.469858
0.628602
0.587959
0.409706
0.186925
-0.087229
-0.365320
-0.523561
-0.554184
-0.584760
-0.484300
-0.202659
-0.253820
-0.361036
0.319831
0.957600
0.982705
0.930436
0.651063
0.187285
-0.259592
-0.583873
-0.734284
-0.810098
-0.832628
-0.752908
-0.551939
-0.293066
-0.032105
0.154147
0.234171
0.221483
0.171067
0.122436
0.086500
0.065981
0.065143
0.087573
0.103486
0.100685
0.081657
0.041544
-0.011072
-0.059840
-0.091953
-0.101284
-0.083678
-0.051932
-0.019519
0.004394
0.025247
0.043911
0.063050
0.071176
0.077121
0.057572
0.027216
0.057808
0.061502
0.052648
0.068598
0.063153
0.053359
0.042847
0.036643
0.026719
0.011261
-0.007525
-0.030938
-0.046191
-0.048822
-0.047951
-0.048871
-0.060338
-0.069282
-0.058720
-0.057618
-0.067800
-0.056847
-0.029916
-0.009395
0.002121
0.009501
0.008674
0.000091
-0.008991
-0.014149
-0.009898
-0.003472
0.001320
0.013641
0.021541
0.019473
0.015559
0.000755
-0.014495
0.000448
0.037033
0.073811
0.097119
0.090738
0.074919
0.070300
0.061264
0.044249
0.032377
0.043672
0.048183
0.047121
0.018784
-0.039336
0.020114
0.018008
-0.061899
-0.015762
0.030339
0.065829
0.088929
0.076777
0.053385
0.025161
0.001507
-0.032766
-0.070999
-0.112097
-0.127877
-0.093590
-0.028873
0.033073
0.079907
0.103328
0.107266
0.092030
0.038142
-0.045382
-0.111825
-0.127178
-0.105789
-0.070001
-0.022477
0.005786
0.018449
0.004818
-0.008799
0.003032
-0.011545
-0.004128
0.008370
0.013519
0.015396
-0.002696
-0.010568
-0.008171
-0.001467
0.000718
0.005877
0.017314
0.031173
0.038526
0.030018
0.008285
-0.015117
-0.027493
-0.027970
-0.023184
-0.011294
0.002029
0.008860
0.012013
0.007179
-0.001936
-0.010537
-0.016011
-0.013799
-0.012426
-0.010844
-0.009791
-0.013114
-0.014475
-0.015166
-0.011715
-0.000004
0.008837
0.011359
0.016588
0.018710
0.002624
-0.028412
-0.046420
-0.044477
-0.036914
-0.029136
-0.023207
-0.021091
-0.025451
-0.035441
-0.048595
-0.056661
-0.063848
-0.074717
-0.079504
-0.075906
-0.062699
-0.041058
-0.021296
-0.004973
0.007621
0.014636
0.016516
0.017989
0.029630
0.045785
0.052933
0.045924
0.025556
-0.000562
-0.009328
-0.000043
-0.001957
-0.017932
-0.025959
-0.022852
-0.020966
-0.018856
-0.011708
0.003282
0.019916
0.020888
0.019789
0.027174
0.023053
0.012173
0.004768
0.005931
0.012459
0.013898
0.017144
0.024386
0.027268
0.021773
0.006463
-0.014331
-0.040332
-0.079302
-0.144328
-0.247434
-0.366882
-0.455073
-0.392637
-0.128360
0.110493
0.472312
0.920283
0.975378
0.973410
0.762163
0.100728
-0.391503
-0.623708
-0.647283
-0.480219
-0.290918
-0.141895
-0.027426
0.062002
0.072644
-0.002547
-0.130074
-0.262799
-0.353050
-0.376796
-0.334072
-0.246460
-0.138945
-0.030264
0.066463
0.137197
0.174218
0.186381
0.186538
0.185920
0.182598
0.175064
0.170267
0.156972
0.128447
0.086725
0.043076
0.007476
-0.006670
-0.007907
-0.021616
-0.033011
-0.037496
-0.033544
-0.015640
0.008954
0.033987
0.042921
0.028160
0.006861
-0.013432
-0.034916
-0.045451
-0.046460
-0.060800
-0.078274
-0.074294
-0.070839
-0.070909
-0.065980
-0.061329
-0.056980
-0.056171
-0.052963
-0.051158
-0.052689
-0.059427
-0.060765
-0.053683
-0.040246
-0.013731
0.021681
0.060937
0.075192
0.061187
0.050645
0.054294
0.057927
0.056332
0.056184
0.048489
0.036563
0.028201
0.023820
0.024890
0.026798
0.028085
0.029208
0.029830
0.031730
0.031556
0.025739
0.028713
0.028934
0.022256
0.030453
0.034076
0.027756
0.021636
0.008496
-0.007017
-0.020090
-0.035896
-0.051691
-0.060598
-0.066057
-0.070224
-0.073180
-0.070300
-0.059241
-0.048335
-0.039857
-0.034008
-0.034420
-0.037143
-0.044417
-0.050707
-0.041060
-0.020842
-0.008004
-0.005922
-0.004726
0.000389
0.011069
0.016444
0.025717
0.046192
0.060040
0.070769
0.083087
0.092074
0.094332
0.084007
0.056106
0.019365
-0.018409
-0.055088
-0.077836
-0.086572
-0.091595
-0.089069
-0.077029
-0.065329
-0.051211
-0.031788
-0.016477
-0.005710
-0.000595
-0.000167
-0.004459
-0.000105
0.006712
0.000255
-0.000202
0.000163
-0.000055
-0.000024
-0.000088
0.007354
0.011507
0.009255
0.006355
0.008497
0.016165
0.025791
0.035895
0.041752
0.040022
0.040729
0.044270
0.050629
0.059947
0.060636
0.052300
0.041331
0.030738
0.019201
0.005293
-0.008753
-0.016259
-0.016960
-0.015236
-0.012312
-0.009116
-0.010192
-0.015955
-0.022162
-0.024001
-0.015354
-0.005734
-0.003395
-0.003663
-0.006890
-0.009706
-0.008087
-0.010928
-0.013103
-0.015725
-0.029855
-0.040693
-0.042800
-0.046854
-0.051722
-0.048330
-0.039791
-0.036359
-0.029186
-0.014842
-0.003645
0.001188
0.003408
0.002701
-0.003204
-0.009847
-0.018474
-0.022581
-0.017431
-0.008857
0.005366
0.019352
0.029077
0.035119
0.035465
0.030933
0.026480
0.021501
0.014063
0.011998
0.013465
0.014637
0.015712
0.015944
0.013499
0.006049
-0.003655
-0.009139
-0.012420
-0.018289
-0.022496
-0.023333
-0.020308
-0.013298
-0.001157
0.014896
0.028147
0.035029
0.035420
0.035532
0.036159
0.036027
0.034769
0.031168
0.024659
0.016056
0.012218
0.017850
0.034277
0.040872
0.028289
0.015096
-0.000909
-0.016338
-0.016864
-0.023024
-0.042187
-0.048381
-0.027543
-0.003844
0.006458
-0.016459
-0.032952
-0.059687
-0.066560
-0.029478
-0.045626
-0.029010
-0.009760
-0.019694
-0.021614
-0.027743
-0.022502
-0.021411
-0.016630
-0.012064
-0.013327
-0.017978
-0.019950
-0.016705
-0.011165
-0.002864
0.006475
0.014323
0.021252
0.020900
0.014330
0.009436
0.008152
0.009299
0.010950
0.013948
0.020394
0.026144
0.026987
0.024342
0.024131
0.025469
0.029964
0.042525
0.055792
0.075975
0.099322
0.128924
0.179281
0.236695
0.277375
0.306455
0.333135
0.372913
0.400762
0.448730
0.477384
0.341697
-0.128157
-0.773840
-0.980557
-0.980196
-0.980606
-0.979514
-0.917192
0.010138
0.884453
0.980449
0.948635
0.609107
0.253714
0.170520
0.184709
0.212301
0.270179
0.465155
0.591084
0.499171
0.253451
-0.030432
-0.231331
-0.292522
-0.244324
-0.152523
-0.079674
-0.064916
-0.082172
-0.044719
0.106675
0.335255
0.537072
0.635796
0.610674
0.485449
0.296110
0.055124
-0.235529
-0.553481
-0.812352
-0.947668
-0.932597
-0.761695
-0.504274
-0.231658
0.013638
0.199888
0.304710
0.334915
0.316908
0.271340
0.223389
0.190777
0.164163
0.130494
0.096120
0.065274
0.037394
0.009949
-0.019765
-0.046954
-0.066350
-0.075633
-0.081483
-0.085959
-0.085469
-0.079293
-0.062370
-0.044342
-0.025681
-0.003069
0.017115
0.036871
0.046791
0.044755
0.028868
0.003000
-0.018105
-0.031782
-0.041779
-0.049744
-0.047216
-0.043228
-0.047476
-0.051824
-0.049543
-0.048255
-0.055330
-0.066737
-0.084335
-0.099356
-0.102485
-0.093813
-0.075410
-0.052708
-0.029803
-0.016759
-0.011249
0.000006
0.008252
0.009609
0.020455
0.030679
0.039032
0.041919
0.042755
0.017833
0.008440
0.031568
0.017490
0.026347
0.036802
0.039633
0.050151
0.038944
0.035615
0.041896
0.053376
0.065268
0.070756
0.072768
0.072812
0.072058
0.074456
0.074928
0.072068
0.072267
0.076852
0.073843
0.055667
0.023243
-0.016441
-0.044733
-0.044341
-0.023447
-0.005225
0.002234
-0.001025
-0.011272
-0.025044
-0.039668
-0.050170
-0.053465
-0.051968
-0.051618
-0.046359
-0.031042
-0.010913
0.001897
-0.001562
-0.016800
-0.029367
-0.024749
-0.017949
-0.023094
-0.032429
-0.034764
-0.027649
-0.016463
-0.003864
0.006759
0.016619
0.021366
0.015334
-0.000647
-0.015858
-0.022755
-0.027641
-0.030917
-0.026123
-0.008459
0.016489
0.034034
0.036908
0.033782
0.029592
0.024940
0.023432
0.020052
0.009589
-0.004977
-0.015466
-0.024963
-0.033651
-0.030382
-0.017484
-0.004858
0.003706
0.014055
0.019417
0.010668
-0.002144
0.000314
0.021479
0.046754
0.048704
-0.010173
-0.087619
-0.120662
-0.118913
-0.092184
-0.041093
0.017089
0.058491
0.069007
0.049174
0.015815
-0.009196
-0.020105
-0.021311
-0.019002
-0.015960
-0.008723
0.003684
0.011151
0.009742
0.007904
0.004993
0.000283
-0.005096
-0.013335
-0.021112
-0.025459
-0.030977
-0.038106
-0.035509
-0.021765
-0.007157
0.006064
0.015445
0.013306
0.002960
-0.009541
-0.019913
-0.019159
-0.008233
0.000196
0.003846
0.010008
0.016881
0.022061
0.028764
0.034268
0.035221
0.036564
0.031994
0.017378
0.004444
-0.001028
-0.001724
-0.010734
-0.025663
-0.033680
-0.033676
-0.024559
-0.008383
0.004907
0.005733
-0.002002
-0.013344
-0.031908
-0.057278
-0.084808
-0.116216
-0.168532
-0.251912
-0.345360
-0.420447
-0.350834
-0.089042
0.113045
0.498872
0.919773
0.983226
0.923251
0.448618
-0.188907
-0.574602
-0.714341
-0.591487
-0.394083
-0.169399
-0.044451
0.208828
-0.245266
-0.365708
0.105665
0.064468
0.503733
0.291213
-0.081106
-0.284152
-0.563419
-0.464992
-0.326138
-0.042705
0.115070
0.245191
0.321391
0.284210
0.218364
0.147226
0.082740
0.016885
-0.027122
-0.070297
-0.100210
-0.102911
-0.104167
-0.100524
-0.099974
-0.078830
-0.052865
-0.039039
-0.011116
0.012054
0.030440
0.053679
0.069990
0.078463
0.090179
0.095113
0.076869
0.055872
0.039686
0.012270
-0.012088
-0.017771
-0.024026
-0.047376
-0.061239
-0.045419
0.000064
0.018974
-0.021980
0.035185
0.133166
0.045778
-0.132307
-0.258675
-0.304776
-0.225656
-0.044527
0.141802
0.235404
0.186330
0.078816
0.012058
-0.082607
-0.168218
-0.137553
-0.087827
-0.059738
-0.014241
0.022821
0.038488
0.049973
0.030181
-0.007320
0.017989
0.067512
0.072543
0.072830
0.091115
0.113071
0.122093
0.145450
0.192643
0.187452
0.151259
0.123646
0.042051
-0.072567
-0.114459
-0.092545
-0.104292
-0.159496
-0.169613
-0.134674
-0.128585
-0.098212
-0.029587
-0.017490
-0.052298
-0.071776
-0.077501
-0.086996
-0.058486
-0.025297
-0.034277
-0.027437
0.012814
-0.002647
0.010044
0.057151
0.014002
0.004461
0.009351
0.001804
0.001297
0.000732
-0.013960
-0.075073
-0.112758
-0.140636
-0.192506
-0.242377
-0.241756
-0.162538
-0.072512
-0.015100
0.011833
0.020247
0.052698
0.078577
0.096279
0.099230
0.045863
0.001063
0.025500
0.056994
0.071389
0.114434
0.126098
0.070683
-0.006784
-0.052219
-0.045459
-0.021926
0.021210
0.055391
0.054047
0.061809
0.056126
0.053425
0.049363
0.068207
0.089205
0.068734
0.064228
0.044253
0.073022
0.070650
0.027536
0.025937
0.026991
0.023043
0.010407
0.022225
0.026992
0.031937
0.037286
0.025838
0.022445
0.026485
0.032240
0.061735
0.048669
-0.046424
-0.103640
-0.099586
-0.098535
-0.092186
-0.072597
-0.047705
-0.009927
-0.000029
-0.028896
-0.010362
0.011223
-0.047558
-0.108562
-0.139663
-0.176094
-0.178884
-0.092708
-0.030413
-0.060964
-0.044844
0.005341
-0.015072
-0.049825
-0.027738
0.028999
0.054814
0.052715
0.062194
0.051288
0.023233
0.014889
-0.006651
-0.043736
-0.046021
-0.008278
0.020297
0.050490
0.078098
0.034168
0.023734
0.088124
0.087521
0.066576
0.076867
0.019478
-0.038290
-0.015731
-0.006417
-0.047885
-0.062710
-0.052342
-0.053005
0.007503
0.067411
0.051429
0.065471
0.104136
0.029034
-0.098344
-0.129828
-0.088990
-0.012328
0.081911
0.141989
0.116107
0.034006
0.015649
0.003068
0.002903
0.043960
0.011469
0.003016
0.010870
-0.007858
-0.007327
-0.023702
-0.044630
-0.030369
0.027588
0.091902
0.109883
0.101804
0.078450
-0.012759
-0.090776
-0.080295
-0.056934
-0.062279
-0.035920
0.013321
0.004685
-0.024538
-0.044015
-0.057830
-0.007291
0.046312
0.021613
-0.041300
-0.080301
-0.096962
-0.112051
-0.108916
-0.117194
-0.101088
-0.056027
0.001689
0.012661
0.018271
0.036868
0.004266
0.000747
-0.037883
-0.036734
-0.014090
-0.026237
-0.006214
0.014347
0.034751
0.044104
0.067449
0.104481
0.107277
0.097642
0.000000
0.000000
0.000000
0.000000
0.000000
0.000000
0.000000
0.000000
0.000000
0.000000
0.000000
0.000000
0.000000
0.000000
0.000000
0.000000
0.000000
0.000000
0.000000
0.000000
0.000000
0.000000
0.000000
0.000000
0.000000
0.000000
0.000000
0.000000
0.000000
0.000000
0.000000
0.000000
0.000000
0.000000
0.000000
0.000000
0.000000
0.000000
0.000000
0.000000
0.000000
0.000000
0.000000
0.000000
0.000000
0.000000
0.000000
0.000000
0.000000
0.000000
0.000000
0.000000
0.000000
0.000000
0.000000
0.000000
0.000000
0.000000
0.000000
0.000000
0.000000
0.000000
0.000000
0.000000
0.000000
0.000000
0.000000
0.000000
0.000000
0.000000
0.000000
0.000000
0.000000
0.000000
0.000000
0.000000
0.000000
0.000000
0.000000
0.000000
0.000000
0.000000
0.000000
0.000000
0.000000
0.000000
0.000000
0.000000
0.000000
0.000000
0.000000
0.000000
0.000000
0.000000
0.000000
0.000000
0.000000
0.000000
0.000000
0.000000
0.000000
0.000000
0.000000
0.000000
0.000000
0.000000
0.000000
0.000000
0.000000
0.000000
0.000000
0.000000
0.000000
0.000000
0.000000
0.000000
0.000000
0.000000
0.000000
0.000000
0.000000
0.000000
0.000000
0.000000
0.000000
0.000000
0.000000
0.000000
0.000000
0.000000
0.000000
0.000000
0.000000
0.000000
0.000000
0.000000
0.000000
0.000000
0.000000
0.000000
0.000000
0.000000
0.000000
0.000000
0.000000
0.000000
0.000000
0.000000
0.000000
0.000000
0.000000
0.000000
0.000000
0.000000
0.000000
0.000000
0.000000
0.000000
0.000000
0.000000
0.000000
0.000000
0.000000
0.000000
0.000000
0.000000
0.000000
0.000000
0.000000
0.000000
0.000000
0.000000
0.000000
0.000000
0.000000
0.000000
0.000000
0.000000
0.000000
0.000000
0.000000
0.000000
0.000000
0.000000
0.000000
0.000000
0.000000
0.000000
0.000000
0.000000
0.000000
0.000000
0.000000
0.000000
0.000000
0.000000
0.000000
0.000000
0.000000
0.000000
0.000000
0.000000
0.000000
0.000000
0.000000
0.000000
0.000000
0.000000
0.000000
0.000000
0.000000
0.000000
0.000000
0.000000
0.000000
0.000000
0.000000
0.000000
0.000000
0.000000
0.000000
0.000000
0.000000
0.000000
0.000000
0.000000
0.000000
0.000000
0.000000
0.000000
0.000000
0.000000
0.000000
0.000000
0.000000
0.000000
0.000000
0.000000
0.000000
0.000000
0.000000
0.000000
0.000000
0.000000
0.000000
0.000000
0.000000
0.000000
0.000000
0.000000
0.000000
0.000000
0.000000
0.000000
0.000000
0.000000
0.000000
0.000000
0.000000
0.000000
0.000000
0.000000
0.000000
0.000000
0.000000
0.000000
0.000000
0.000000
0.000000
0.000000
0.000000
0.000000
0.000000
0.000000
0.000000
0.000000
0.000000
0.000000
0.000000
0.000000
0.000000
0.000000
0.000000
0.000000
0.000000
0.000000
0.000000
0.000000
0.000000
0.000000
0.000000
0.000000
0.000000
0.000000
0.000000
0.000000
0.000000
0.000000
0.000000
0.000000
0.000000
0.000000
0.000000
0.000000
0.000000
0.000000
0.000000
0.000000
0.000000
0.000000
0.000000
0.000000
0.000000
0.000000
0.000000
0.000000
0.000000
0.000000
0.000000
0.000000
0.000000
0.000000
0.000000
0.000000
0.000000
0.000000
0.000000
0.000000
0.000000
0.000000
0.000000
0.000000
0.000000
0.000000
0.000000
0.000000
0.000000
0.000000
0.000000
0.000000
0.000000
0.000000
0.000000
0.000000
0.000000
0.000000
0.000000
0.000000
0.000000
0.000000
0.000000
0.000000
0.000000
0.000000
0.000000
0.000000
0.000000
0.000000
0.000000
0.000000
0.000000
0.000000
0.000000
0.000000
0.000000
0.000000
0.000000
0.000000
0.000000
0.000000
0.000000
0.000000
0.000000
0.000000
0.000000
0.000000
0.000000
0.000000
0.000000
0.000000
0.000000
0.000000
0.000000
0.000000
0.000000
0.000000
0.000000
0.000000
0.000000
0.000000
0.000000
0.000000
0.000000
0.000000
0.000000
0.000000
0.000000
0.000000
0.000000
0.000000
0.000000
0.000000
0.000000
0.000000
0.000000
0.000000
0.000000
0.000000
0.000000
0.000000
0.000000
0.000000
0.000000
0.000000
0.000000
0.000000
0.000000
0.000000
0.000000
0.000000
0.000000
0.000000
0.000000
0.000000
0.000000
0.000000
0.000000
0.000000
0.000000
0.000000
0.000000
0.000000
0.000000
0.000000
0.000000
0.000000
0.000000
0.000000
0.000000
0.000000
0.000000
0.000000
0.000000
0.000000
0.000000
0.000000
0.000000
0.000000
0.000000
0.000000
0.000000
0.000000
0.000000
0.000000
0.000000
0.000000
0.000000
0.000000
0.000000
0.000000
0.000000
0.000000
0.000000
0.000000
0.000000
0.000000
0.000000
0.000000
0.000000
0.000000
0.000000
0.000000
0.000000
0.000000
0.000000
0.000000
0.000000
0.000000
0.000000
0.000000
0.000000
0.000000
0.000000
0.000000
0.000000
0.000000
0.000000
0.000000
0.000000
0.000000
0.000000
0.000000
0.000000
0.000000
0.000000
0.000000
0.000000
0.000000
0.000000
0.000000
0.000000
0.000000
0.000000
0.000000
0.000000
0.000000
0.000000
0.000000
0.000000
0.000000
0.000000
0.000000
0.000000
0.000000
0.000000
0.000000
0.000000
0.000000
0.000000
0.000000
0.000000
0.000000
0.000000
0.000000
0.000000
0.000000
0.000000
0.000000
0.000000
0.000000
0.000000
0.000000
0.000000
0.000000
0.000000
0.000000
0.000000
0.000000
0.000000
0.000000
0.000000
0.000000
0.000000
0.000000
0.000000
0.000000
0.000000
0.000000
0.000000
0.000000
0.000000
0.000000
0.000000
0.000000
0.000000
0.000000
0.000000
0.000000
0.000000
0.000000
0.000000
0.000000
0.000000
0.000000
0.000000
0.000000
0.000000
0.000000
0.000000
0.000000
0.000000
0.000000
0.000000
0.000000
0.000000
0.000000
0.000000
0.000000
0.000000
0.000000
0.000000
0.000000
0.000000
0.000000
0.000000
0.000000
0.000000
0.000000
0.000000
0.000000
0.000000
0.000000
0.000000
0.000000
0.000000
0.000000
0.000000
0.000000
0.000000
0.000000
0.000000
0.000000
0.000000
0.000000
0.000000
0.000000
0.000000
0.000000
0.000000
0.000000
0.000000
0.000000
0.000000
0.000000
0.000000
0.000000
0.000000
0.000000
0.000000
0.000000
0.000000
0.000000
0.000000
0.000000
0.000000
0.000000
0.000000
0.000000
0.000000
0.000000
0.000000
0.000000
0.000000
0.000000
0.000000
0.000000
0.000000
0.000000
0.000000
0.000000
0.000000
0.000000
0.000000
0.000000
0.000000
0.000000
0.000000
0.000000
0.000000
0.000000
0.000000
0.000000
0.000000
0.000000
0.000000
0.000000
0.000000
0.000000
0.000000
0.000000
0.000000
0.000000
0.000000
0.000000
0.000000
0.000000
0.000000
0.000000
0.000000
0.000000
0.000000
0.000000
0.000000
0.000000
0.000000
0.000000
0.000000
0.000000
0.000000
0.000000
0.000000
0.000000
0.000000
0.000000
0.000000
0.000000
0.000000
0.000000
0.000000
0.000000
0.000000
0.000000
0.000000
0.000000
0.000000
0.000000
0.000000
0.000000
0.000000
0.000000
0.000000
0.000000
0.000000
0.000000
0.000000
0.000000
0.000000
0.000000
0.000000
0.000000
0.000000
0.000000
0.000000
0.000000
0.000000
0.000000
0.000000
0.000000
0.000000
0.000000
0.000000
0.000000
0.000000
0.000000
0.000000
0.000000
0.000000
0.000000
0.000000
0.000000
0.000000
0.000000
0.000000
0.000000
0.000000
0.000000
0.000000
0.000000
0.000000
0.000000
0.000000
0.000000
0.000000
0.000000
0.000000
0.000000
0.000000
0.000000
0.000000
0.000000
0.000000
0.000000
0.000000
0.000000
0.000000
0.000000
0.000000
0.000000
0.000000
0.000000
0.000000
0.000000
0.000000
0.000000
0.000000
0.000000
0.000000
0.000000
0.000000
0.000000
0.000000
0.000000
0.000000
0.000000
0.000000
0.000000
0.000000
0.000000
0.000000
0.000000
0.000000
0.000000
0.000000
0.000000
0.000000
0.000000
0.000000
0.000000
0.000000
0.000000
0.000000
0.000000
0.000000
0.000000
0.000000
0.000000
0.000000
0.000000
0.000000
0.000000
0.000000
0.000000
0.000000
0.000000
0.000000
0.000000
0.000000
0.000000
0.000000
0.000000
0.000000
0.000000
0.000000
0.000000
0.000000
0.000000
0.000000
0.000000
0.000000
0.000000
0.000000
0.000000
0.000000
0.000000
0.000000
0.000000
0.000000
0.000000
0.000000
0.000000
0.000000
0.000000
0.000000
0.000000
0.000000
0.000000
0.000000
0.000000
0.000000
0.000000
0.000000
0.000000
0.000000
0.000000
0.000000
0.000000
0.000000
0.000000
0.000000
0.000000
0.000000
0.000000
0.000000
0.000000
0.000000
0.000000
0.000000
0.000000
0.000000
0.000000
0.000000
0.000000
0.000000
0.000000
0.000000
0.000000
0.000000
0.000000
0.000000
0.000000
0.000000
0.000000
0.000000
0.000000
0.000000
0.000000
0.000000
0.000000
0.000000
0.000000
0.000000
0.000000
0.000000
0.000000
0.000000
0.000000
0.000000
0.000000
0.000000
0.000000
0.000000
0.000000
0.000000
0.000000
0.000000
0.000000
0.000000
0.000000
0.000000
0.000000
0.000000
0.000000
0.000000
0.000000
0.000000
0.000000
0.000000
0.000000
0.000000
0.000000
0.000000
0.000000
0.000000
0.000000
0.000000
0.000000
0.000000
0.000000
0.000000
0.000000
0.000000
0.000000
0.000000
0.000000
0.000000
0.000000
0.000000
0.000000
0.000000
0.000000
0.000000
0.000000
0.000000
0.000000
0.000000
0.000000
0.000000
0.000000
0.000000
0.000000
0.000000
0.000000
0.000000
0.000000
0.000000
0.000000
0.000000
0.000000
0.000000
0.000000
0.000000
0.000000
0.000000
0.000000
0.000000
0.000000
0.000000
0.000000
0.000000
0.000000
0.000000
0.000000
0.000000
0.000000
0.000000
0.000000
0.000000
0.000000
0.000000
0.000000
0.000000
0.000000
0.000000
0.000000
0.000000
0.000000
0.000000
0.000000
0.000000
0.000000
0.000000
0.000000
0.000000
0.000000
0.000000
0.000000
0.000000
0.000000
0.000000
0.000000
0.000000
0.000000
0.000000
0.000000
0.000000
0.000000
0.000000
0.000000
0.000000
0.000000
0.000000
0.000000
0.000000
0.000000
0.000000
0.000000
0.000000
0.000000
0.000000
0.000000
0.000000
0.000000
0.000000
0.000000
0.000000
0.000000
0.000000
0.000000
0.000000
0.000000
0.000000
0.000000
0.000000
0.000000
0.000000
0.000000
0.000000
0.000000
0.000000
0.000000
0.000000
0.000000
0.000000
0.000000
0.000000
0.000000
0.000000
0.000000
0.000000
0.000000
0.000000
0.000000
0.000000
0.000000
0.000000
0.000000
0.000000
0.000000
0.000000
0.000000
0.000000
0.000000
0.000000
0.000000
0.000000
0.000000
0.000000
0.000000
0.000000
0.000000
0.000000
0.000000
0.000000
0.000000
0.000000
0.000000
0.000000
0.000000
0.000000
0.000000
0.000000
0.000000
0.000000
0.000000
0.000000
0.000000
0.000000
0.000000
0.000000
0.000000
0.000000
0.000000
0.000000
0.000000
0.000000
0.000000
0.000000
0.000000
0.000000
0.000000
0.000000
0.000000
0.000000
0.000000
0.000000
0.000000
0.000000
0.000000
0.000000
0.000000
0.000000
0.000000
0.000000
0.000000
0.000000
0.000000
0.000000
0.000000
0.000000
0.000000
0.000000
0.000000
0.000000
0.000000
0.000000
0.000000
0.000000
0.000000
0.000000
0.000000
0.000000
0.000000
0.000000
0.000000
0.000000
0.000000
0.000000
0.000000
0.000000
0.000000
0.000000
0.000000
0.000000
0.000000
0.000000
0.000000
0.000000
0.000000
0.000000
0.000000
0.000000
0.000000
0.000000
0.000000
0.000000
0.000000
0.000000
0.000000
0.000000
0.000000
0.000000
0.000000
0.000000
0.000000
0.000000
0.000000
0.000000
0.000000
0.000000
0.000000
0.000000
0.000000
0.000000
0.000000
0.000000
0.000000
0.000000
0.000000
0.000000
0.000000
0.000000
0.000000
0.000000
0.000000
0.000000
0.000000
0.000000
0.000000
0.000000
0.000000
0.000000
0.000000
0.000000
0.000000
0.000000
0.000000
0.000000
0.000000
0.000000
0.000000
0.000000
0.000000
0.000000
0.000000
0.000000
0.000000
0.000000
0.000000
0.000000
0.000000
0.000000
0.000000
0.000000
0.000000
0.000000
0.000000
0.000000
0.000000
0.000000
0.000000
0.000000
0.000000
0.000000
0.000000
0.000000
0.000000
0.000000
0.000000
0.000000
0.000000
0.000000
0.000000
0.000000
0.000000
0.000000
0.000000
0.000000
0.000000
0.000000
0.000000
0.000000
0.000000
0.000000
0.000000
0.000000
0.000000
0.000000
0.000000
0.000000
0.000000
0.000000
0.000000
0.000000
0.000000
0.000000
0.000000
0.000000
0.000000
0.000000
0.000000
0.000000
0.000000
0.000000
0.000000
0.000000
0.000000
0.000000
0.000000
0.000000
0.000000
0.000000
0.000000
0.000000
0.000000
0.000000
0.000000
0.000000
0.000000
0.000000
0.000000
0.000000
0.000000
0.000000
0.000000
0.000000
0.000000
0.000000
0.000000
0.000000
0.000000
0.000000
0.000000
0.000000
0.000000
0.000000
0.000000
0.000000
0.000000
0.000000
0.000000
0.000000
0.000000
0.000000
0.000000
0.000000
0.000000
0.000000
0.000000
0.000000
0.000000
0.000000
0.000000
0.000000
0.000000
0.000000
0.000000
0.000000
0.000000
0.000000
0.000000
0.000000
0.000000
0.000000
0.000000
0.000000
0.000000
0.000000
0.000000
0.000000
0.000000
0.000000
0.000000
0.000000
0.000000
0.000000
0.000000
0.000000
0.000000
0.000000
0.000000
0.000000
0.000000
0.000000
0.000000
0.000000
0.000000
0.000000
0.000000
0.000000
0.000000
0.000000
0.000000
0.000000
0.000000
0.000000
0.000000
0.000000
0.000000
0.000000
0.000000
0.000000
0.000000
0.000000
0.000000
0.000000
0.000000
0.000000
0.000000
0.000000
0.000000
0.000000
0.000000
0.000000
0.000000
0.000000
0.000000
0.000000
0.000000
0.000000
0.000000
0.000000
0.000000
0.000000
0.000000
0.000000
0.000000
0.000000
0.000000
0.000000
0.000000
0.000000
0.000000
0.000000
0.000000
0.000000
0.000000
0.000000
0.000000
0.000000
0.000000
0.000000
0.000000
0.000000
0.000000
0.000000
0.000000
0.000000
0.000000
0.000000
0.000000
0.000000
0.000000
0.000000
0.000000
0.000000
0.000000
0.000000
0.000000
0.000000
0.000000
0.000000
0.000000
0.000000
0.000000
0.000000
0.000000
0.000000
0.000000
0.000000
0.000000
0.000000
0.000000
0.000000
0.000000
0.000000
0.000000
0.000000
0.000000
0.000000
0.000000
0.000000
0.000000
0.000000
0.000000
0.000000
0.000000
0.000000
0.000000
0.000000
0.000000
0.000000
0.000000
0.000000
0.000000
0.000000
0.000000
0.000000
0.000000
0.000000
0.000000
0.000000
0.000000
0.000000
0.000000
0.000000
0.000000
0.000000
0.000000
0.000000
0.000000
0.000000
0.000000
0.000000
0.000000
0.000000
0.000000
0.000000
0.000000
0.000000
0.000000
0.000000
0.000000
0.000000
0.000000
0.000000
0.000000
0.000000
0.000000
0.000000
0.000000
0.000000
0.000000
0.000000
0.000000
0.000000
0.000000
0.000000
0.000000
0.000000
0.000000
0.000000
0.000000
0.000000
0.000000
0.000000
0.000000
0.000000
0.000000
0.000000
0.000000
0.000000
0.000000
0.000000
0.000000
0.000000
0.000000
0.000000
0.000000
0.000000
0.000000
0.000000
0.000000
0.000000
0.000000
0.000000
0.000000
0.000000
0.000000
0.000000
0.000000
0.000000
0.000000
0.000000
0.000000
0.000000
0.000000
0.000000
0.000000
0.000000
0.000000
0.000000
0.000000
0.000000
0.000000
0.000000
0.000000
0.000000
0.000000
0.000000
0.000000
0.000000
0.000000
0.000000
0.000000
0.000000
0.000000
0.000000
0.000000
0.000000
0.000000
0.000000
0.000000
0.000000
0.000000
0.000000
0.000000
0.000000
0.000000
0.000000
0.000000
0.000000
0.000000
0.000000
0.000000
0.000000
0.000000
0.000000
0.000000
0.000000
0.000000
0.000000
0.000000
0.000000
0.000000
0.000000
0.000000
0.000000
0.000000
0.000000
0.000000
0.000000
0.000000
0.000000
0.000000
0.000000
0.000000
0.000000
0.000000
0.000000
0.000000
0.000000
0.000000
0.000000
0.000000
0.000000
0.000000
0.000000
0.000000
0.000000
0.000000
0.000000
0.000000
0.000000
0.000000
0.000000
0.000000
0.000000
0.000000
0.000000
0.000000
0.000000
0.000000
0.000000
0.000000
0.000000
0.000000
0.000000
0.000000
0.000000
0.000000
0.000000
0.000000
0.000000
0.000000
0.000000
0.000000
0.000000
0.000000
0.000000
0.000000
0.000000
0.000000
0.000000
0.000000
0.000000
0.000000
0.000000
0.000000
0.000000
0.000000
0.000000
0.000000
0.000000
0.000000
0.000000
0.000000
0.000000
0.000000
0.000000
0.000000
0.000000
0.000000
0.000000
0.000000
0.000000
0.000000
0.000000
0.000000
0.000000
0.000000
0.000000
0.000000
0.000000
0.000000
0.000000
0.000000
0.000000
0.000000
0.000000
0.000000
0.000000
0.000000
0.000000
0.000000
0.000000
0.000000
0.000000
0.000000
0.000000
0.000000
0.000000
0.000000
0.000000
0.000000
0.000000
0.000000
0.000000
0.000000
0.000000
0.000000
0.000000
0.000000
0.000000
0.000000
0.000000
0.000000
0.000000
0.000000
0.000000
0.000000
0.000000
0.000000
0.000000
0.000000
0.000000
0.000000
0.000000
0.000000
0.000000
0.000000
0.000000
0.000000
0.000000
0.000000
0.000000
0.000000
0.000000
0.000000
0.000000
0.000000
0.000000
0.000000
0.000000
0.000000
0.000000
0.000000
0.000000
0.000000
0.000000
0.000000
0.000000
0.000000
0.000000
0.000000
0.000000
0.000000
0.000000
0.000000
0.000000
0.000000
0.000000
0.000000
0.000000
0.000000
0.000000
0.000000
0.000000
0.000000
0.000000
0.000000
0.000000
0.000000
0.000000
0.000000
0.000000
0.000000
